N:	120
M:	2
L:	3
p1j:	74	51	29	59	97	7	19	92	95	72	26	74	37	81	30	33	13	84	40	12	61	36	50	98	13	9	70	36	17	25	71	91	76	81	58	71	65	76	68	64	66	71	40	97	9	43	45	91	56	37	25	21	10	80	66	15	97	89	62	41	75	16	2	58	60	93	15	20	42	11	57	97	50	13	34	5	98	64	74	87	14	68	25	19	74	16	44	74	29	92	10	97	22	57	95	92	6	94	87	83	77	23	59	63	33	67	97	29	39	2	69	87	2	80	44	22	47	78	39	87
p2j:	77	34	73	80	4	42	54	87	25	37	92	1	55	97	68	97	27	5	46	65	28	4	75	98	48	31	51	77	56	72	68	47	11	1	30	6	42	72	36	65	12	97	30	95	51	4	61	14	72	67	7	56	96	65	88	93	21	3	14	10	6	36	51	60	38	47	82	13	50	10	45	38	77	11	95	98	6	24	91	29	17	59	24	58	35	29	4	39	6	88	94	98	14	54	12	6	13	81	84	20	29	73	22	92	30	61	79	51	53	83	81	3	89	96	8	35	5	96	96	18
vl:	1.2	1	0.8
Conv_l:	1.11	1	0.7
IdleConv_i:	0.05	0.05
pi_i:	79	61
S1jk:
25	10	14	30	27	95	22	45	6	32	6	44	28	85	90	56	47	35	71	31	39	87	81	93	47	16	8	93	50	64	22	90	12	24	15	44	86	65	49	44	47	20	47	32	38	98	71	25	60	71	80	11	69	50	65	2	4	63	3	63	21	44	17	80	76	24	33	57	7	71	50	26	49	36	73	49	56	51	31	47	57	94	28	56	59	50	1	11	94	73	91	80	39	64	5	96	31	95	61	47	47	19	28	40	25	7	86	2	54	88	48	85	29	12	79	73	60	35	98	15
6	13	39	85	31	91	14	12	29	15	26	31	81	2	37	78	39	57	49	35	12	65	42	98	35	48	41	43	31	50	95	11	86	59	73	29	38	90	44	81	81	84	37	66	93	7	46	68	47	67	63	82	33	59	71	25	91	36	50	63	2	54	74	87	36	40	23	16	66	24	96	36	38	32	47	68	61	89	78	3	52	37	59	75	23	43	82	38	73	94	42	38	88	9	77	60	33	54	38	75	47	97	19	89	61	15	97	46	19	8	14	34	44	45	11	72	9	58	69	74
91	71	60	75	51	43	55	30	93	95	51	3	19	3	3	82	48	48	70	57	74	59	41	62	20	40	66	63	69	58	46	62	43	82	85	79	87	40	13	40	24	95	63	43	96	53	79	55	27	59	46	63	94	38	93	97	8	98	81	98	27	59	89	65	78	16	34	76	9	6	14	15	95	49	76	4	59	54	82	75	77	32	72	87	7	94	19	6	56	97	43	90	35	92	38	94	2	47	43	74	28	87	43	90	16	77	33	9	66	6	75	25	16	20	68	87	81	5	35	49
25	49	10	57	15	93	57	20	21	19	96	26	13	50	89	90	23	23	12	3	55	84	40	39	87	34	19	99	26	56	62	50	54	34	81	82	65	31	92	92	6	39	37	18	40	32	29	16	12	47	4	14	42	28	11	86	45	62	4	15	46	97	91	54	24	83	37	7	60	36	92	48	48	26	32	10	37	99	46	31	65	84	94	5	33	54	58	29	71	32	55	16	48	72	74	18	15	15	15	1	22	79	20	6	25	2	81	90	3	77	56	73	23	45	23	18	22	59	20	40
93	42	85	30	18	8	4	25	70	33	30	28	39	51	20	35	75	98	53	65	93	88	58	24	79	3	25	18	19	24	91	51	60	54	67	3	22	87	52	6	69	47	15	26	55	75	73	72	32	93	26	45	98	14	68	80	8	62	45	89	35	7	94	8	42	18	60	47	16	34	59	42	79	9	93	76	56	29	84	6	5	91	50	5	37	31	17	70	42	51	79	7	28	49	36	41	89	94	45	76	24	65	93	63	40	94	59	64	87	3	58	69	94	39	74	42	96	26	53	85
9	2	21	2	35	51	2	81	16	74	72	89	47	32	17	28	45	17	57	32	33	99	17	26	67	15	61	92	45	89	15	8	32	83	19	3	32	47	55	29	29	34	35	35	66	64	11	43	69	76	50	27	52	94	91	2	26	10	84	10	17	13	12	47	8	44	10	69	52	57	47	71	89	73	33	25	29	12	70	5	70	49	89	7	35	32	12	92	38	77	28	3	16	54	68	16	87	86	6	72	8	81	23	16	47	68	41	78	45	20	50	68	67	72	76	81	81	98	89	4
13	63	64	71	17	21	84	50	38	81	62	40	58	47	37	40	26	71	3	51	90	54	50	54	24	42	94	3	49	79	80	26	12	17	81	53	38	50	80	91	95	87	38	66	91	31	9	13	33	70	43	34	13	21	11	58	85	95	53	23	67	36	43	63	77	82	79	33	4	40	27	28	51	96	45	36	49	31	51	1	23	71	31	63	53	55	85	27	8	40	54	33	57	47	68	52	59	19	45	12	62	77	79	96	55	2	50	4	61	68	56	14	35	15	42	73	79	97	3	94
88	98	33	65	85	71	48	90	94	91	16	76	12	2	26	19	38	65	14	28	67	70	41	28	3	44	65	93	6	84	27	22	32	53	46	68	90	49	75	37	91	37	90	16	31	78	97	15	67	51	97	74	79	17	49	98	2	84	91	57	47	95	92	93	9	62	72	99	78	33	36	10	83	98	28	65	28	78	91	91	98	55	25	22	20	36	10	91	62	24	79	48	94	29	42	36	80	55	3	54	14	28	74	76	90	23	78	20	62	80	64	77	27	8	50	15	10	49	77	15
25	57	16	42	7	45	89	3	53	45	52	18	35	24	22	41	92	12	71	66	79	98	37	86	9	86	50	80	52	24	76	93	52	58	18	18	73	61	57	57	43	9	37	68	95	75	96	3	86	35	34	30	30	85	92	39	23	29	40	46	14	88	74	13	17	87	4	13	48	78	63	7	23	54	69	54	59	21	38	10	11	39	70	94	39	72	27	87	18	6	6	58	39	22	90	71	48	98	38	76	62	6	90	78	78	75	48	41	3	82	64	4	31	73	17	77	5	23	89	93
57	8	3	51	26	25	57	83	87	20	27	32	82	98	83	93	85	7	25	86	51	90	2	28	25	32	16	50	91	28	36	49	18	85	47	16	84	2	33	83	88	31	50	23	22	6	32	29	60	59	18	12	29	50	74	82	4	7	26	46	90	85	42	39	75	57	4	15	68	90	70	47	59	95	72	80	70	45	55	22	52	59	67	84	82	95	50	40	94	8	27	7	52	56	46	47	4	58	7	3	24	11	97	65	26	96	27	37	35	43	7	91	55	34	46	17	19	40	88	91
37	11	54	45	11	54	39	57	43	54	65	58	96	79	14	54	48	48	43	57	72	96	29	31	67	97	77	50	32	79	12	34	84	66	24	36	35	4	41	33	17	3	67	31	19	76	78	47	60	67	30	76	65	28	50	33	34	85	42	42	61	62	46	75	69	5	40	28	70	41	74	36	49	89	97	24	17	6	45	4	46	6	7	83	66	71	78	56	60	6	37	84	90	99	7	47	36	77	37	59	32	88	64	96	14	89	29	14	20	72	92	98	38	43	39	88	39	75	56	96
2	20	27	96	31	62	87	11	83	2	94	53	15	94	40	32	5	94	92	9	94	8	26	46	62	22	4	61	91	54	20	41	4	27	15	97	75	13	44	46	78	73	94	37	40	92	98	6	79	82	2	70	87	31	29	14	98	31	14	90	6	69	94	78	38	56	53	35	58	96	64	4	22	95	4	89	78	41	65	73	72	6	62	48	40	60	93	62	18	20	14	97	10	25	27	99	39	58	56	93	18	46	46	95	40	4	24	36	51	17	64	95	84	40	29	10	6	62	31	40
11	59	38	73	51	53	57	85	49	75	74	20	83	47	83	10	63	26	64	65	91	11	89	78	71	90	80	9	9	32	3	15	52	91	65	5	60	67	32	40	93	5	18	47	80	19	87	34	21	91	54	46	29	42	57	6	21	57	33	48	66	15	32	11	96	32	16	34	66	84	88	86	8	47	85	18	50	82	14	68	8	96	77	44	14	14	93	92	71	41	45	99	5	43	42	11	54	18	54	65	96	34	79	84	75	14	98	87	24	38	76	76	2	16	4	49	84	64	65	68
75	49	98	68	61	73	49	72	29	92	85	4	23	73	29	67	4	67	72	84	11	10	87	54	16	28	69	66	72	49	76	32	74	8	91	5	42	71	46	87	65	96	52	26	7	37	79	29	78	97	5	65	19	5	86	17	54	95	83	9	23	55	91	10	21	91	71	83	6	77	16	95	50	6	95	81	10	86	46	83	61	66	67	25	63	28	80	27	66	35	61	71	69	98	37	28	69	10	74	81	72	2	5	96	67	10	78	18	30	27	9	30	13	8	13	72	80	95	6	82
17	47	37	87	27	65	81	23	41	13	30	36	18	46	1	96	37	35	77	69	47	10	30	32	36	84	21	45	70	19	60	68	11	47	62	74	91	68	58	58	58	70	7	34	26	90	70	86	98	92	66	33	76	25	91	77	76	76	40	11	7	82	84	24	38	52	21	25	70	69	60	87	85	32	96	36	24	29	46	33	15	42	74	31	81	16	23	56	57	78	50	94	88	37	4	89	47	64	42	90	71	98	24	8	33	2	22	68	40	50	74	52	95	35	3	15	32	13	19	14
31	94	11	19	61	77	37	68	86	97	57	9	26	62	24	86	3	29	89	49	8	97	61	49	65	59	22	9	81	82	78	86	61	29	23	48	28	36	22	28	12	81	5	49	92	75	73	19	6	31	62	15	21	93	44	49	58	65	46	38	30	72	44	91	27	79	15	39	78	87	8	21	88	82	69	88	41	24	66	79	79	85	15	59	13	23	15	80	98	71	90	6	58	37	89	33	28	44	23	76	3	12	4	37	82	91	27	25	70	67	95	46	5	87	33	64	15	57	64	97
79	95	3	59	44	76	19	20	94	57	7	55	71	68	80	80	33	56	85	13	56	90	85	40	24	69	45	92	8	9	51	14	41	75	84	47	94	73	41	35	6	33	10	15	79	14	25	74	93	21	38	34	68	13	54	92	9	27	83	40	42	52	10	77	93	84	38	55	71	67	96	72	72	57	69	9	95	25	1	86	16	79	14	82	42	71	26	11	45	42	49	19	55	47	67	65	1	47	19	86	89	4	16	22	6	49	83	85	23	39	42	90	36	5	27	68	48	67	9	89
31	69	33	52	39	88	2	86	39	16	24	21	31	46	94	43	61	39	94	87	15	73	84	47	56	45	13	4	1	92	89	7	32	79	34	31	96	58	51	12	25	28	36	1	87	70	81	74	89	95	93	8	39	93	61	87	2	33	58	47	54	61	67	48	61	87	64	36	33	2	47	13	44	73	97	63	93	49	10	86	19	72	13	94	46	77	88	28	72	83	23	24	49	51	31	86	87	65	45	8	62	83	25	74	93	89	7	89	11	38	14	86	26	49	16	29	56	64	64	49
3	7	76	79	48	85	80	20	61	76	34	83	20	11	90	88	47	47	9	58	46	68	58	57	69	85	87	34	98	92	81	46	73	80	11	1	96	53	90	44	44	20	42	91	3	55	29	55	73	53	56	25	46	39	25	7	44	72	80	78	72	89	12	30	21	73	2	30	30	14	14	91	81	65	62	97	29	28	49	21	33	60	40	26	3	34	42	71	19	47	89	83	53	77	84	89	69	7	84	72	5	51	31	52	2	3	43	85	49	90	78	20	68	48	95	31	7	70	71	19
59	30	61	74	97	93	36	36	51	51	68	20	22	20	62	16	47	83	49	40	62	12	14	87	21	26	81	85	32	7	70	41	24	8	66	70	99	32	90	41	47	93	17	36	16	72	62	11	69	27	93	30	29	24	93	37	76	65	50	25	8	46	95	86	15	66	21	18	98	18	92	70	8	72	79	33	94	14	23	8	12	28	17	13	4	59	41	13	75	52	92	46	44	61	60	93	31	81	25	37	75	18	5	87	15	13	33	92	68	37	11	14	5	52	60	35	80	83	9	54
62	9	31	26	88	20	81	59	7	60	30	33	16	71	49	34	12	45	83	94	72	64	52	78	71	23	59	4	91	91	25	99	2	84	95	15	37	58	36	69	25	56	18	77	16	96	61	46	10	48	30	52	42	72	91	70	22	74	6	80	45	83	92	97	48	38	62	20	61	25	60	44	59	94	3	42	63	80	88	29	68	15	41	91	86	32	35	1	68	94	66	16	45	2	90	1	80	26	1	27	76	93	67	66	9	60	19	27	5	85	84	95	40	24	19	58	44	75	4	85
71	70	99	64	22	28	70	86	24	11	36	15	62	76	47	19	98	35	34	5	73	74	73	91	31	53	89	50	85	23	6	70	71	37	72	41	43	2	75	40	94	90	89	87	39	60	41	43	31	9	84	45	7	18	24	46	6	22	90	48	97	38	81	24	23	40	67	86	58	99	72	14	37	78	89	25	84	3	54	25	10	85	10	75	17	68	34	21	9	5	78	29	72	61	79	29	35	81	25	66	59	23	66	20	45	84	57	8	55	14	45	28	9	24	11	38	44	48	68	14
76	12	37	26	78	88	72	30	21	25	68	47	77	2	18	47	97	66	18	57	42	88	42	65	30	79	57	1	65	58	84	53	83	88	30	6	33	15	66	53	45	50	78	70	8	38	88	74	27	45	4	44	16	44	57	11	98	41	97	24	80	48	53	31	97	10	48	56	73	74	46	55	62	82	63	85	19	38	24	89	73	97	85	45	4	10	82	85	31	85	19	56	14	70	16	46	64	67	82	77	45	10	8	69	99	55	46	71	45	70	69	70	28	69	82	24	21	59	32	33
42	14	43	96	98	98	31	13	9	34	22	83	78	50	26	80	41	83	28	67	83	47	45	9	96	39	12	47	58	44	94	95	36	69	89	99	77	17	60	1	98	91	64	71	67	60	81	49	41	93	55	42	35	80	65	49	27	82	24	75	45	6	98	46	55	56	41	97	40	36	94	12	83	72	40	97	28	1	7	4	66	23	97	55	66	41	27	84	93	56	27	89	45	43	37	21	55	44	83	7	31	30	72	13	51	26	31	7	61	99	34	28	78	56	39	81	67	5	82	74
94	32	21	39	71	14	56	65	48	6	61	20	88	75	51	60	6	83	33	30	64	58	32	33	33	58	83	78	88	70	82	20	32	58	35	5	83	78	46	77	65	17	23	78	19	88	17	39	93	44	9	73	57	12	63	4	26	87	85	16	42	8	82	11	14	37	8	59	74	22	88	54	65	86	3	73	31	72	36	90	76	62	8	19	78	83	8	45	48	49	99	74	56	4	89	17	38	68	48	49	2	53	24	26	35	60	48	13	20	13	88	32	52	10	18	13	88	60	90	34
53	13	84	6	16	34	71	12	29	91	74	44	6	4	60	36	95	98	52	70	37	94	98	55	80	79	93	8	41	60	42	56	88	30	69	12	20	17	6	49	10	39	58	57	49	53	21	77	31	77	58	28	52	66	15	77	99	19	84	90	45	98	74	33	30	67	76	16	62	22	80	89	74	72	77	52	53	40	60	63	80	21	85	10	14	47	35	30	53	86	77	10	22	28	92	90	18	65	13	48	74	27	86	91	84	9	80	31	56	4	91	18	86	42	11	92	7	45	53	29
5	60	31	81	87	52	14	23	65	50	82	65	62	60	78	92	31	29	60	15	67	95	24	5	79	11	24	36	46	63	95	7	32	44	54	73	35	30	30	49	89	45	48	52	97	88	11	25	28	32	56	49	7	76	78	28	34	39	88	84	35	53	28	3	58	5	98	27	53	50	87	47	87	44	34	48	13	6	65	7	96	20	5	57	30	27	44	79	37	44	86	90	83	12	50	79	98	97	24	48	85	38	12	80	62	97	93	34	89	63	88	24	93	3	61	40	95	51	92	15
21	71	60	44	26	41	69	91	21	4	44	70	84	6	55	42	26	22	19	20	5	75	9	66	85	12	97	68	77	82	75	8	5	72	7	67	67	29	57	8	82	18	87	95	35	7	31	34	39	55	28	81	44	98	8	43	63	19	75	91	67	54	12	78	77	11	62	13	27	76	80	3	33	18	91	5	66	85	96	25	29	78	50	95	41	45	19	75	30	67	40	6	47	89	82	42	90	50	51	68	80	65	8	28	44	45	81	74	4	43	6	66	2	71	75	98	21	48	86	45
26	66	39	36	16	75	12	68	17	53	52	99	55	74	31	98	39	77	15	2	50	50	12	33	33	75	24	23	25	35	45	15	2	10	23	77	50	39	25	97	32	32	59	48	17	29	82	53	74	31	74	50	23	35	18	37	91	59	80	33	14	24	34	42	37	82	38	12	5	5	1	82	82	49	54	88	89	41	5	21	6	23	10	2	85	92	94	9	95	92	86	1	23	2	41	83	62	59	88	40	69	52	20	87	12	1	81	32	95	47	7	90	35	90	60	16	70	26	68	15
25	11	6	81	14	29	19	73	27	30	60	71	78	58	15	71	59	63	5	34	25	77	29	67	2	35	92	32	24	24	21	95	44	81	3	64	26	92	79	57	68	82	94	84	13	85	15	20	71	85	42	49	77	65	35	74	62	83	43	50	93	16	71	33	39	15	2	20	52	35	76	74	69	39	23	21	85	79	34	2	48	22	94	69	84	92	16	7	9	10	8	3	45	17	49	20	95	31	46	55	31	10	31	4	77	64	28	40	73	36	93	58	56	86	2	44	36	69	65	30
24	16	40	35	11	58	92	71	81	38	20	54	87	43	72	44	24	3	93	22	28	5	50	24	24	46	6	24	59	27	10	2	27	58	81	44	17	87	91	14	5	68	19	22	85	87	84	56	11	87	27	59	75	96	5	88	20	71	92	90	88	36	33	98	69	4	61	58	67	51	74	8	32	42	42	20	85	2	42	54	33	91	51	39	82	11	39	56	30	4	40	31	20	11	85	83	58	64	67	12	48	52	22	29	16	42	88	70	44	71	74	32	90	52	81	93	95	91	44	34
49	69	62	51	23	99	16	64	86	38	41	59	81	70	49	1	85	8	39	66	84	82	20	20	25	53	64	88	82	75	82	86	40	22	60	44	58	25	64	80	36	63	55	46	21	47	93	97	18	70	9	30	36	4	26	72	95	20	7	86	42	14	8	98	65	2	48	90	74	78	46	91	18	50	11	93	3	75	11	44	74	25	11	30	56	44	25	19	11	98	71	95	55	39	22	86	41	7	46	75	16	38	52	54	35	35	54	73	84	72	14	12	18	23	25	83	62	28	91	21
46	2	8	35	39	94	83	62	10	10	53	57	62	16	36	3	43	64	22	24	71	53	27	29	56	39	57	61	71	39	20	65	60	79	82	59	9	72	23	82	67	31	80	8	4	30	67	5	89	72	47	47	97	66	64	92	80	98	12	9	36	52	18	45	72	11	30	68	67	82	47	74	25	34	52	13	96	33	37	10	34	11	8	68	67	40	14	69	4	70	34	60	49	12	98	26	45	54	97	96	53	41	28	74	50	20	30	30	20	89	73	49	48	74	25	56	93	35	27	78
64	62	17	99	74	80	33	15	88	10	51	57	96	10	92	62	95	76	11	63	98	6	88	23	63	98	41	29	65	61	87	98	43	52	31	2	43	29	97	85	96	71	87	22	41	68	83	35	75	22	64	67	53	43	96	89	91	73	20	54	41	35	37	12	82	93	82	83	68	66	56	57	59	22	54	40	53	22	98	88	85	76	89	81	33	39	99	27	98	78	76	1	30	22	40	65	20	11	93	17	23	89	97	71	68	63	78	26	71	8	9	13	12	26	11	97	66	19	20	21
98	99	64	23	72	94	87	94	39	18	64	74	68	60	77	30	69	64	43	78	58	38	30	11	60	63	42	53	94	55	43	73	14	63	5	23	92	97	45	29	3	42	25	21	39	85	26	35	94	3	53	17	62	93	82	23	96	71	43	14	44	92	35	98	94	63	27	22	78	44	90	41	70	39	63	59	16	73	40	70	54	69	65	20	64	61	9	59	78	41	98	65	4	55	44	78	86	94	96	86	77	32	13	51	91	4	76	22	56	77	11	48	39	7	18	16	78	80	25	56
62	76	80	87	60	16	66	84	48	69	86	24	88	70	44	20	19	28	91	42	96	72	12	25	5	36	46	41	66	48	77	54	13	7	13	88	95	3	34	7	47	60	24	95	43	58	99	26	30	14	41	5	81	82	56	52	21	84	42	76	60	47	15	66	36	21	10	65	25	90	47	15	54	26	93	79	96	74	84	2	9	61	33	78	14	53	91	88	57	27	12	9	22	23	57	34	44	12	15	32	31	90	44	90	2	91	8	12	1	16	17	40	27	97	42	75	5	4	85	22
39	83	17	72	8	57	69	36	19	59	85	21	6	27	72	50	90	48	26	2	12	12	30	28	36	96	20	32	72	23	41	78	18	58	39	29	57	80	84	27	39	79	43	91	4	41	3	18	72	17	50	61	26	4	40	3	95	50	65	63	1	85	23	17	74	50	12	36	92	45	69	98	73	88	20	99	67	56	97	11	12	61	80	98	56	29	29	73	10	62	83	89	23	6	2	12	19	40	11	70	84	56	32	62	60	34	51	36	86	84	45	84	63	88	37	79	46	32	65	77
56	1	6	2	59	7	75	85	49	34	38	68	92	26	72	89	80	96	51	18	83	57	23	33	58	6	29	25	62	69	51	70	27	27	80	83	46	39	74	6	54	90	43	83	69	13	40	55	49	65	2	71	74	34	56	14	61	59	43	19	46	69	52	5	22	88	72	78	55	38	73	21	63	98	88	25	40	9	67	87	85	4	80	19	87	91	27	65	92	14	38	82	9	26	79	77	15	93	79	34	16	53	25	50	95	68	24	86	30	95	98	25	69	55	65	54	14	81	66	6
90	69	93	5	42	9	54	79	76	80	14	38	90	10	97	93	40	2	42	10	76	34	73	2	14	69	89	33	12	17	86	15	50	34	47	30	45	59	18	66	4	27	4	33	74	82	30	70	52	3	7	92	15	65	37	21	50	10	23	68	92	11	83	44	81	3	33	48	44	44	85	81	25	6	37	44	42	47	35	16	71	24	23	11	44	84	40	34	28	10	40	77	41	92	55	80	68	31	50	49	41	70	85	23	37	50	48	34	44	6	4	22	43	32	13	91	43	69	25	64
10	62	42	45	23	83	57	81	68	7	85	19	18	27	73	48	36	55	36	25	68	50	70	13	3	12	90	21	77	94	66	14	38	97	36	23	23	61	40	76	30	78	78	17	46	74	98	66	36	60	79	73	26	26	72	48	83	13	27	1	94	49	42	61	88	9	39	22	11	55	10	81	35	62	38	25	6	54	83	22	36	74	88	67	65	17	4	85	21	88	37	60	40	97	6	76	10	66	20	5	42	35	57	9	67	87	23	68	89	23	39	4	21	81	94	27	9	25	83	23
27	94	62	65	55	82	63	64	59	69	46	78	69	50	37	19	9	12	72	95	33	22	76	96	98	13	27	74	94	2	74	74	90	86	76	99	64	93	80	16	78	51	9	64	18	97	46	76	33	16	47	40	23	8	22	81	68	87	55	30	72	14	75	4	67	13	13	68	25	36	33	15	2	42	42	7	72	2	86	92	41	5	83	13	24	13	66	64	53	5	95	73	76	33	18	44	63	20	48	33	8	67	52	66	18	42	3	39	56	20	6	22	34	37	47	16	76	61	76	28
83	83	6	33	55	61	19	1	42	58	85	97	29	74	82	39	56	39	29	90	23	92	19	42	78	31	9	17	2	13	87	86	83	41	47	59	85	72	32	29	9	12	85	22	11	80	54	13	17	39	6	67	41	92	28	63	84	40	14	69	94	45	86	62	79	50	24	78	59	29	1	23	51	66	76	51	44	28	18	33	95	15	94	19	35	58	50	55	54	83	74	57	39	46	87	75	83	25	98	41	15	8	39	59	91	66	60	7	51	24	54	81	7	4	19	80	11	47	15	42
55	55	84	46	83	17	27	35	79	67	66	75	99	67	64	40	51	95	20	32	85	87	38	5	66	62	94	23	15	30	90	88	63	23	62	43	65	47	42	32	28	75	19	60	1	33	76	6	96	29	95	52	65	43	59	85	50	49	38	84	34	65	34	3	65	71	52	35	95	71	54	54	17	77	47	72	59	49	37	4	46	35	45	64	84	62	15	31	31	78	71	77	78	64	19	14	24	3	90	20	58	80	97	41	4	37	17	74	57	80	43	65	91	95	14	13	97	86	82	34
71	66	87	34	56	53	75	66	49	43	3	22	71	58	18	41	74	35	62	72	91	72	92	27	82	14	89	86	25	69	14	25	46	25	12	48	32	7	20	90	21	28	49	82	48	66	63	69	66	79	23	47	96	90	9	44	94	62	64	52	2	76	27	12	95	56	69	16	40	28	1	80	77	49	11	46	41	36	60	6	23	60	42	92	36	93	94	95	36	48	87	39	4	64	50	30	71	52	9	19	58	15	93	41	19	4	21	36	91	91	91	80	29	93	52	49	71	3	49	3
80	27	54	15	2	28	80	67	89	45	86	89	44	95	37	89	73	56	19	72	38	65	59	83	15	83	40	33	43	57	65	69	8	70	39	46	33	16	12	91	85	31	12	94	88	89	16	45	98	42	15	55	25	14	20	9	52	57	94	66	45	43	35	85	49	25	48	15	10	98	61	41	43	39	65	27	87	96	53	67	85	91	9	82	5	3	82	79	67	20	59	14	33	26	80	90	58	81	37	15	34	28	58	72	54	85	48	65	16	67	17	96	21	54	26	57	41	7	5	57
77	67	26	70	46	11	85	92	53	43	94	42	2	8	6	51	62	36	55	73	4	7	49	55	31	70	5	42	80	71	64	26	61	67	35	24	12	52	73	36	73	28	78	52	15	53	57	80	59	81	45	82	24	43	74	35	59	28	21	90	8	14	80	99	8	79	96	36	48	19	73	60	11	84	25	36	48	62	22	23	79	4	91	2	32	18	46	48	6	93	73	47	50	69	54	41	30	36	94	51	8	73	33	52	7	25	52	66	18	82	7	42	58	97	56	11	91	6	49	92
21	42	36	16	97	64	81	53	31	30	78	36	51	83	57	82	40	91	31	96	86	4	59	54	33	23	1	87	26	3	94	47	12	20	51	61	40	2	20	37	37	55	30	49	41	13	58	48	2	44	59	2	48	12	75	90	46	86	78	50	85	25	54	47	43	79	56	78	85	53	44	78	36	87	57	35	7	74	63	26	42	81	58	40	63	21	88	6	64	2	95	85	97	51	36	28	87	18	70	61	25	2	98	33	83	68	32	35	39	24	14	88	42	82	70	48	51	59	38	11
73	62	91	69	35	63	23	60	50	34	40	30	47	79	89	54	9	81	89	95	60	57	59	4	20	8	95	18	59	54	46	28	13	17	76	13	60	77	10	42	28	22	97	16	9	15	61	78	98	79	14	16	76	53	35	10	67	2	92	91	68	91	60	8	47	11	21	82	74	77	5	87	75	73	78	26	8	76	46	43	4	42	9	83	49	81	87	94	73	13	54	94	25	4	1	36	90	71	52	30	45	78	40	16	57	18	40	11	82	27	95	15	19	36	13	58	11	86	97	86
41	63	77	49	19	60	24	60	15	21	77	14	28	27	73	80	87	51	12	60	67	71	39	83	70	81	14	66	52	86	55	62	61	47	1	31	55	54	64	6	19	76	39	50	65	63	33	50	60	84	92	21	55	63	56	27	50	26	28	38	12	1	6	43	41	61	82	82	53	19	78	53	32	71	93	71	67	9	5	4	4	61	31	4	71	83	18	9	22	69	79	34	45	74	82	97	88	27	63	13	41	58	68	61	80	50	32	26	15	85	38	20	37	71	51	97	19	71	48	90
71	90	7	55	7	63	31	16	20	49	36	86	56	80	2	45	30	76	49	21	57	8	20	11	27	50	76	86	25	57	96	85	49	83	32	40	66	29	62	63	4	36	2	3	96	51	6	50	9	18	7	83	20	90	29	4	9	56	61	15	92	69	83	68	15	35	21	21	54	36	58	68	67	37	94	71	88	21	13	12	88	55	32	47	27	43	46	88	86	11	98	40	92	8	7	15	36	7	93	7	76	88	90	55	55	9	63	39	31	97	21	40	52	72	13	4	68	81	95	70
17	74	64	14	81	11	59	61	16	51	4	12	67	87	97	57	12	20	81	87	72	25	18	53	26	51	36	20	38	40	98	45	37	5	9	17	49	86	19	30	53	97	10	47	89	22	91	26	91	79	6	35	18	80	7	45	2	35	20	76	69	14	62	62	35	55	60	4	32	43	16	73	95	27	58	25	49	14	48	75	68	59	30	63	4	98	47	9	77	3	54	50	32	54	16	20	54	38	81	99	54	25	18	59	42	97	95	19	65	12	56	67	66	83	86	89	34	6	91	14
9	42	3	27	58	23	90	66	8	20	78	62	47	51	27	50	69	22	86	2	89	27	83	84	11	53	23	51	41	28	47	44	38	65	70	87	88	97	87	95	24	21	75	47	23	24	52	10	32	80	23	91	7	94	1	6	56	64	12	3	45	78	55	31	59	86	3	93	63	21	98	76	94	98	81	18	9	66	63	90	58	33	99	33	52	87	88	92	83	55	77	49	65	1	26	95	48	85	11	89	97	42	16	73	87	31	84	63	47	12	64	63	17	80	16	49	36	82	28	73
95	56	84	41	64	90	75	4	46	74	60	21	4	48	28	38	80	36	95	10	55	55	41	50	65	71	4	40	74	31	32	31	80	49	51	61	73	26	75	42	50	25	69	74	32	70	60	84	46	38	74	82	44	65	42	59	70	13	60	75	31	73	39	31	99	82	16	51	28	99	84	87	70	32	72	98	19	41	87	71	84	64	41	47	37	75	16	31	57	9	25	73	11	74	58	54	31	4	91	43	99	64	35	96	11	97	50	93	37	93	72	24	76	24	87	87	48	45	52	80
30	1	75	26	1	54	77	80	12	88	69	69	40	51	83	46	16	2	33	90	98	91	12	46	79	11	27	79	87	35	16	90	56	19	33	97	68	53	27	13	64	91	12	63	32	3	37	83	40	11	26	96	43	76	23	13	79	40	43	84	44	85	18	3	67	13	59	92	83	26	97	1	61	6	11	98	41	18	77	36	84	96	86	14	72	55	29	25	62	70	89	25	11	66	22	21	81	69	69	20	31	92	80	30	14	77	96	53	64	11	98	98	12	24	29	47	2	13	13	87
43	2	27	26	8	2	49	56	89	8	28	83	29	25	70	88	55	41	49	38	10	74	9	28	58	17	90	28	88	79	3	58	50	4	67	10	81	63	25	39	57	92	54	20	36	4	98	46	3	91	96	96	68	10	40	33	17	34	78	40	43	12	16	18	88	15	54	42	2	85	38	37	66	62	34	14	31	94	81	38	13	4	49	67	55	88	56	27	65	21	44	85	39	18	15	7	11	68	8	58	19	95	11	16	25	96	62	46	78	49	63	44	18	60	68	76	14	58	21	24
1	10	14	83	49	67	16	14	76	39	68	37	7	82	10	44	38	12	29	13	98	46	70	18	69	81	53	19	8	40	22	65	78	50	69	93	35	21	57	23	22	64	70	34	5	38	67	4	43	16	84	40	13	27	48	27	25	96	71	44	53	41	4	71	27	78	43	88	15	88	62	40	7	16	85	58	32	99	33	3	94	89	39	54	57	70	35	71	37	11	99	94	8	26	56	18	64	83	16	28	3	43	48	21	8	65	64	92	16	62	22	35	51	65	35	37	49	42	98	13
11	69	49	10	4	54	36	90	77	59	57	39	67	28	8	15	86	14	37	89	13	28	97	33	5	76	91	94	94	76	65	31	72	36	42	76	90	14	18	86	89	84	93	70	55	37	56	19	43	5	52	14	14	94	69	63	54	15	44	91	24	90	56	51	31	51	50	59	36	8	62	69	22	29	40	18	13	5	2	4	79	85	74	19	47	31	61	12	71	50	59	9	58	64	74	18	79	92	43	71	43	35	67	38	70	45	25	69	98	29	83	23	9	39	64	89	12	63	33	13
84	73	31	77	58	72	67	97	89	67	32	57	36	99	49	47	48	85	11	75	16	67	62	94	40	81	5	88	82	30	48	94	20	4	14	6	52	34	99	30	34	83	45	15	29	65	4	93	45	64	79	86	71	56	60	34	48	60	21	93	34	56	95	24	4	12	47	30	47	79	23	55	58	18	10	85	22	19	79	13	17	93	81	72	18	81	35	11	21	33	47	27	78	97	25	72	67	51	40	44	29	91	81	87	29	88	55	53	11	44	51	82	82	23	48	90	45	44	47	24
15	78	98	24	91	32	92	26	27	53	63	89	11	72	90	95	30	19	16	81	72	35	65	18	6	19	66	83	94	49	15	18	42	12	46	95	68	60	68	91	27	29	82	58	21	69	79	38	93	97	49	95	20	95	94	41	66	37	58	98	3	71	37	15	19	13	55	85	89	35	73	57	26	55	37	27	72	93	10	33	88	4	13	39	71	68	97	5	71	46	58	43	95	28	69	66	60	54	71	74	38	56	48	90	39	73	51	30	16	82	46	42	68	97	19	56	45	58	76	69
27	71	46	14	66	46	5	9	96	96	54	82	95	88	30	53	30	16	77	61	28	52	94	79	60	86	73	66	30	5	43	76	89	41	71	23	32	2	76	48	81	89	72	26	40	71	33	60	37	77	87	77	81	85	2	88	84	6	99	60	58	3	83	82	55	42	93	45	27	73	77	45	41	42	38	15	82	96	17	98	73	26	10	63	84	77	91	43	66	16	75	54	87	41	70	62	87	37	91	58	79	8	93	30	56	3	99	36	87	63	9	33	76	91	77	98	65	24	92	53
30	74	42	60	59	48	43	59	33	38	95	50	84	86	4	30	45	5	72	25	6	84	68	10	70	39	89	50	9	75	68	65	86	20	34	36	45	6	85	63	91	54	79	13	13	93	96	32	96	52	12	69	73	64	29	98	87	65	84	83	45	35	97	22	95	58	30	45	65	78	84	97	88	24	38	49	47	5	15	17	86	9	60	50	76	22	22	23	69	58	79	97	18	47	9	39	89	15	69	4	8	25	87	61	30	47	2	91	35	78	70	62	25	73	7	34	59	84	55	11
98	75	24	18	40	75	14	21	39	29	3	8	25	38	14	76	2	84	51	32	32	24	62	3	12	85	41	16	27	48	45	37	30	22	98	88	4	84	8	35	16	58	75	60	61	33	13	17	84	51	77	5	67	97	98	57	97	33	92	61	53	68	89	89	57	49	30	88	82	68	98	52	7	39	91	15	84	7	86	3	40	55	56	79	65	19	7	76	23	93	98	12	1	86	9	38	44	87	44	16	84	41	2	55	62	29	33	30	1	59	17	45	47	7	58	27	34	48	28	18
21	68	10	57	60	23	94	33	84	10	73	85	97	25	61	5	69	52	93	71	88	42	12	32	26	58	15	28	9	85	7	32	17	22	89	44	62	37	51	87	50	60	92	75	18	40	91	39	19	50	44	16	32	78	48	74	51	68	36	86	1	48	62	41	68	75	72	46	21	32	92	46	91	50	97	15	88	18	50	14	39	10	13	29	83	42	76	4	1	78	34	35	7	15	51	18	11	5	37	55	24	40	95	24	67	56	89	64	79	35	67	88	21	10	22	49	5	30	69	49
19	50	80	52	13	29	63	66	80	46	68	70	5	36	52	39	91	20	9	85	39	4	44	67	7	2	11	27	97	33	63	27	53	82	11	24	17	70	42	90	42	46	62	45	61	25	26	41	85	93	84	15	82	32	9	22	33	97	31	49	62	93	3	96	77	87	92	26	53	8	45	80	72	43	75	31	71	92	28	28	89	74	4	87	61	80	32	59	56	29	10	80	4	79	47	19	87	51	81	51	60	98	18	24	81	61	17	68	21	38	25	74	25	17	34	43	26	68	54	70
53	15	14	40	56	5	21	57	23	37	68	27	45	10	44	92	68	74	77	88	74	17	42	44	63	41	25	4	98	91	79	96	46	49	23	61	80	64	69	59	93	25	61	62	8	78	34	70	32	86	50	30	75	2	88	63	5	1	18	59	99	54	10	4	62	37	13	89	11	10	32	98	26	33	98	30	71	50	75	53	52	71	83	53	76	82	87	34	35	44	6	29	39	27	72	28	60	8	5	27	15	60	38	79	25	66	30	64	14	62	57	8	87	63	95	14	50	56	94	98
12	45	85	80	95	81	43	96	25	34	58	51	34	73	83	85	9	65	46	42	54	62	46	37	90	18	46	21	48	84	62	32	66	52	4	63	25	41	86	86	99	38	34	43	50	35	10	34	87	93	5	57	87	64	30	23	17	98	90	7	89	14	58	44	33	13	25	77	30	13	89	72	15	63	12	24	9	7	79	23	35	1	93	44	31	83	53	78	81	48	28	13	52	20	84	85	65	66	76	80	75	7	14	72	92	17	58	12	91	57	52	53	5	34	63	25	5	46	82	73
94	37	12	88	36	3	28	34	75	90	11	51	30	67	63	63	68	84	93	33	40	19	64	90	48	74	95	59	92	75	23	25	67	93	86	73	83	62	24	89	48	27	57	72	13	24	37	64	91	93	52	60	23	81	67	47	41	3	85	70	99	92	24	74	92	84	31	1	79	28	79	81	57	48	55	33	46	89	25	67	54	20	16	59	70	16	25	87	42	21	81	4	55	22	89	28	48	3	29	21	66	56	81	47	65	42	25	65	59	29	82	20	53	2	76	18	24	43	95	54
70	57	38	68	23	76	40	54	28	80	87	30	76	76	66	52	53	13	48	39	55	33	23	97	76	80	34	8	61	95	83	60	3	52	29	44	7	90	70	95	44	75	22	10	50	77	21	10	96	23	16	29	68	82	92	29	55	39	9	7	89	24	8	19	17	79	29	39	91	55	91	96	88	28	7	82	54	33	72	81	87	18	83	29	90	10	8	52	74	75	67	95	95	34	83	50	54	40	99	10	27	6	83	43	51	52	34	7	83	33	78	39	43	69	12	12	35	80	17	61
72	49	42	46	70	4	93	85	86	73	50	45	46	76	62	98	96	48	68	9	73	70	80	17	78	72	97	24	29	5	84	16	12	36	71	53	80	46	27	99	53	81	32	94	94	22	17	85	70	48	56	5	58	17	76	24	61	57	32	93	88	69	41	41	44	45	72	39	46	33	57	21	56	98	37	49	7	32	33	10	2	9	77	69	4	18	2	32	2	80	62	65	79	44	76	86	2	47	39	43	29	14	82	56	58	16	86	79	24	32	18	4	9	65	60	9	89	17	55	29
40	74	22	98	98	58	58	13	83	45	96	98	53	15	54	77	92	88	60	31	25	66	68	16	78	44	46	74	97	62	98	12	20	73	96	67	68	96	65	89	54	27	68	51	36	24	25	69	64	62	2	33	51	28	74	29	33	93	11	45	92	39	95	9	53	8	89	11	93	37	16	57	74	90	79	4	28	59	83	32	45	91	97	31	52	21	47	16	50	86	95	27	96	28	46	12	42	85	26	43	52	97	42	53	89	82	10	96	29	87	95	80	77	64	24	66	90	39	67	24
73	36	6	14	57	97	89	85	58	54	26	10	65	83	53	58	33	75	41	86	50	72	64	84	35	8	28	53	68	62	28	86	41	41	78	92	64	7	45	45	27	28	51	22	52	34	45	63	2	44	8	98	23	28	22	68	37	33	47	71	79	62	16	69	7	54	17	77	12	35	75	44	57	64	6	40	85	20	28	8	76	16	56	80	9	64	15	42	14	71	27	94	86	32	99	18	32	58	42	12	49	37	69	46	24	4	41	76	32	47	8	87	41	67	2	61	68	11	27	72
56	94	23	76	84	50	35	32	69	11	15	71	28	37	57	48	68	96	29	97	3	81	87	90	25	77	50	42	94	74	39	18	50	2	74	63	37	66	35	89	94	36	73	11	20	68	57	34	91	75	39	23	10	4	45	46	94	56	87	18	57	28	38	7	62	36	15	82	47	51	23	3	5	54	65	63	96	79	51	90	78	19	43	70	62	30	98	13	64	98	57	85	6	40	28	29	68	55	22	61	51	42	73	51	45	15	94	23	89	16	75	8	77	77	50	48	79	12	30	39
61	72	45	65	67	61	12	21	25	28	21	53	54	11	12	2	61	73	84	5	23	36	52	71	24	45	83	16	71	79	4	64	7	51	69	65	42	16	73	67	34	23	65	75	42	54	70	5	9	95	43	25	95	78	92	54	22	7	93	97	69	63	59	83	14	79	41	62	82	50	90	25	83	52	48	43	40	40	76	56	70	82	38	85	88	10	86	10	18	87	84	80	90	27	5	45	11	60	56	68	12	68	69	1	97	6	40	48	35	25	34	98	61	74	35	7	27	59	27	2
1	63	76	45	75	38	52	14	10	1	51	73	98	36	92	35	27	87	73	13	49	55	82	48	68	4	91	63	86	23	28	77	86	52	92	67	46	55	97	17	37	78	26	83	42	80	85	43	55	84	86	83	95	81	31	93	12	3	24	2	8	67	54	98	96	6	18	58	65	16	38	15	82	74	34	6	81	40	63	84	80	8	61	4	44	71	6	33	40	81	8	90	50	28	29	32	24	23	51	4	13	27	43	52	65	92	87	66	82	39	52	46	51	36	46	62	12	39	90	45
6	21	11	91	19	24	4	62	6	31	42	54	1	57	24	56	59	20	43	54	7	80	6	31	16	27	27	79	61	33	54	71	28	2	6	93	88	3	94	52	93	39	74	5	39	68	16	81	36	81	8	80	73	91	35	49	2	39	4	4	18	15	86	23	76	16	10	28	28	21	84	58	11	71	81	60	67	7	94	80	88	54	76	40	24	48	75	28	60	64	26	53	68	41	48	23	53	58	98	43	5	48	36	19	23	8	69	77	88	18	69	4	32	2	4	39	59	40	76	78
95	28	53	26	2	47	54	88	44	32	18	79	96	55	31	68	31	5	71	73	40	75	65	12	78	44	73	13	94	56	25	20	33	57	53	72	47	43	77	54	21	5	43	26	94	41	88	47	11	22	87	73	92	66	8	69	66	54	2	97	11	59	19	40	55	69	77	5	8	69	5	75	35	72	52	2	34	18	3	29	27	16	7	73	42	93	93	15	47	62	10	31	6	24	4	45	49	35	38	40	72	87	39	31	92	80	87	48	19	89	33	94	35	46	70	23	77	13	93	51
30	57	70	84	20	53	45	19	24	24	12	73	15	1	83	1	80	95	94	67	30	61	94	29	16	46	20	9	65	17	96	35	54	43	26	73	73	66	81	37	79	9	42	69	35	92	38	22	48	19	60	75	56	45	3	3	34	26	50	37	39	51	98	48	2	67	29	63	18	8	70	80	48	81	10	94	81	51	58	77	83	29	12	86	2	4	3	5	74	71	72	32	4	58	95	89	24	56	86	90	69	49	53	86	59	36	6	50	38	40	31	98	33	92	22	26	97	19	91	51
70	81	94	99	89	35	33	89	41	81	91	83	23	12	44	36	63	72	8	42	45	83	66	63	56	3	36	12	99	32	16	67	11	25	56	59	83	84	87	87	65	89	18	69	96	33	34	29	41	19	34	99	16	74	81	57	47	18	59	5	55	2	17	56	28	40	4	46	61	68	97	65	32	51	52	63	47	43	30	75	87	20	40	75	90	97	16	30	43	72	41	27	39	1	50	56	91	23	86	49	23	80	5	2	76	66	50	91	75	58	36	79	35	59	20	85	78	35	68	9
52	47	83	48	26	10	75	32	95	63	71	2	81	84	73	92	83	98	26	17	90	60	58	38	88	25	15	8	21	36	57	48	29	32	31	93	51	28	35	91	9	48	16	18	29	36	45	6	22	32	31	67	90	5	98	54	43	29	78	27	68	26	92	78	93	53	98	65	34	37	32	30	53	90	92	74	73	62	68	55	76	43	51	4	20	25	13	76	79	6	82	57	4	43	75	59	57	47	16	57	50	35	45	30	98	19	77	56	6	71	59	79	91	15	82	11	58	3	79	70
83	90	55	21	43	44	70	54	98	57	28	70	7	93	60	67	53	32	65	98	27	24	71	53	25	67	56	4	78	55	66	82	20	68	91	87	75	14	67	74	68	48	71	49	41	74	28	12	35	9	75	60	46	21	15	33	37	21	35	63	20	63	8	11	99	7	46	94	6	68	27	12	26	13	26	79	54	6	55	43	19	23	56	66	60	36	77	72	77	77	53	40	87	60	35	50	4	40	87	16	86	68	41	93	20	19	93	26	79	96	46	67	85	13	34	64	6	16	13	66
32	47	41	44	77	78	76	4	75	70	64	96	38	41	24	47	66	1	63	71	22	36	47	6	78	23	27	27	10	28	3	2	25	65	70	57	12	79	32	72	60	43	55	66	47	93	69	5	29	22	22	58	40	44	67	64	4	11	44	25	23	53	22	32	83	29	41	97	29	57	63	72	23	95	13	35	32	83	62	94	2	33	61	91	24	38	23	38	1	30	1	47	42	81	93	42	82	46	37	50	10	13	17	9	80	69	20	44	39	74	90	87	5	18	56	40	94	79	26	41
24	44	37	95	65	80	64	47	27	3	70	59	19	26	15	87	3	30	13	44	18	68	72	2	61	72	50	33	38	48	56	66	7	97	26	7	4	23	56	81	26	68	36	8	37	55	23	70	40	29	22	93	77	29	34	96	30	66	87	97	90	4	78	10	59	80	16	39	36	57	3	74	9	27	75	48	49	21	75	39	78	23	29	46	82	2	6	26	57	43	48	21	67	96	15	72	29	86	41	72	65	30	84	78	83	14	39	22	68	70	19	66	19	80	55	11	12	80	10	4
45	69	74	92	80	88	89	54	86	28	42	61	50	60	69	46	92	10	5	29	10	5	72	22	86	64	58	55	62	10	60	8	45	52	86	10	38	14	36	90	16	81	10	21	97	88	6	67	37	81	86	34	78	92	51	73	7	70	87	49	71	45	28	90	61	82	14	23	43	43	60	51	25	27	98	59	41	35	61	58	82	6	64	78	38	20	55	67	81	41	26	33	68	75	90	77	16	8	97	14	38	44	26	85	74	96	82	9	54	6	73	58	12	19	9	15	27	98	96	12
14	35	93	54	3	27	5	64	20	50	14	95	63	45	76	73	19	25	49	76	93	64	30	29	38	85	18	61	69	57	70	8	46	94	43	46	43	10	12	38	24	60	81	75	9	44	13	29	72	11	49	95	3	18	43	8	21	87	6	15	30	57	20	28	80	78	73	99	99	14	72	9	25	84	75	2	77	7	44	51	60	12	78	56	36	64	91	58	29	64	25	53	50	57	63	62	10	38	36	69	11	4	46	56	34	31	67	49	24	74	25	56	2	68	81	78	5	3	72	80
47	37	71	5	7	37	61	46	78	76	79	51	10	50	93	95	16	52	96	69	48	69	87	61	16	42	34	5	10	53	46	51	71	13	90	49	27	68	87	81	29	65	78	33	81	67	82	54	22	6	46	54	55	44	85	77	49	77	50	87	42	61	31	63	35	98	96	90	58	36	95	19	6	39	12	8	75	89	80	42	60	82	12	8	17	73	32	18	66	51	12	40	52	24	46	51	82	93	72	15	92	36	71	15	21	4	47	44	68	55	77	21	33	82	93	64	94	42	46	25
78	64	53	42	87	86	21	52	79	5	51	16	98	77	7	52	41	77	30	28	35	32	88	23	55	82	30	8	81	13	26	88	70	37	89	76	71	57	7	18	46	79	9	11	95	6	4	7	85	60	38	7	46	83	33	29	77	18	54	49	63	31	31	71	77	55	18	69	47	16	40	56	30	45	99	28	25	18	96	71	74	71	25	24	98	26	12	94	60	82	39	50	67	34	67	96	57	82	60	13	38	2	75	94	4	30	19	63	81	80	34	91	9	63	20	72	70	35	12	87
87	67	60	6	39	16	12	36	17	89	45	33	44	30	17	95	43	19	90	36	80	22	52	41	40	25	14	15	39	28	34	46	10	12	18	86	81	74	35	99	46	43	55	70	86	53	80	69	77	79	85	74	75	25	72	86	93	87	90	67	20	22	40	36	46	22	86	35	94	46	31	75	77	59	29	90	25	65	36	99	87	65	56	28	30	21	47	49	23	7	69	17	67	21	97	90	45	96	76	94	46	32	12	35	48	11	88	45	80	32	12	14	86	95	25	71	63	25	22	52
54	22	94	58	41	72	22	26	13	53	58	83	30	72	8	31	78	51	41	4	5	12	40	10	29	60	91	86	87	87	49	20	2	24	99	82	82	72	95	69	18	80	83	52	79	59	50	71	13	37	43	50	31	20	30	65	33	49	97	61	8	66	96	41	82	2	71	43	27	18	12	95	75	80	73	35	46	19	41	73	25	36	72	43	37	16	62	61	16	50	78	37	20	94	11	26	69	16	27	75	89	76	54	72	30	11	21	18	94	82	90	35	11	70	65	61	55	95	5	56
91	37	4	47	6	86	82	95	84	66	36	7	20	49	5	9	89	45	39	36	74	29	69	14	95	44	55	20	22	58	80	24	98	17	27	11	71	52	39	29	21	16	33	82	32	77	38	68	70	36	72	25	14	12	9	83	50	42	4	22	37	69	65	50	75	94	22	66	76	26	61	39	98	85	19	35	35	8	15	42	45	4	70	57	71	68	78	37	53	64	36	69	77	25	9	76	43	67	86	85	71	18	20	6	81	93	25	56	58	91	29	10	30	23	36	67	97	50	24	27
27	87	18	30	52	84	25	73	45	66	49	56	55	36	71	69	6	66	90	89	34	82	10	51	70	45	91	78	79	97	88	51	31	21	23	48	78	15	37	55	25	18	94	41	9	43	78	8	75	83	70	5	55	29	78	26	16	15	83	8	81	3	47	17	70	63	8	15	86	5	69	41	50	97	95	18	36	79	94	78	16	15	32	28	45	83	64	35	47	57	29	36	7	9	61	11	48	81	22	48	49	76	26	18	47	12	16	87	64	31	73	66	98	12	77	84	9	8	72	49
85	18	97	29	43	72	70	16	78	21	16	55	30	14	25	42	43	8	11	21	55	92	39	31	64	14	52	85	39	22	95	50	9	23	80	10	21	91	13	19	57	69	67	90	29	8	79	46	16	11	66	80	29	66	20	82	43	91	90	75	70	35	19	3	73	76	61	47	23	12	23	87	64	45	15	78	21	91	18	81	8	67	44	46	20	47	75	46	65	76	45	72	47	72	1	83	14	48	64	66	37	30	8	98	4	79	29	65	61	54	10	93	9	38	23	94	21	84	56	20
13	31	60	80	47	82	68	84	11	7	58	29	2	13	75	58	30	85	45	36	45	74	72	22	92	33	91	65	55	58	58	81	39	56	67	25	87	60	91	29	23	35	48	38	40	48	95	87	1	69	89	78	70	74	95	32	70	58	45	46	35	71	28	76	13	86	21	69	97	57	58	77	51	23	20	61	73	8	19	13	19	14	50	42	63	39	87	75	86	36	18	28	67	73	2	74	53	82	58	31	11	36	96	92	85	4	15	68	46	95	12	86	4	21	50	14	59	97	43	77
53	13	87	4	58	99	36	74	60	73	75	39	9	26	32	90	46	82	25	23	32	27	95	48	80	94	7	42	72	14	8	88	59	99	98	23	83	91	93	56	73	15	19	45	37	49	55	51	62	37	82	54	38	39	22	23	31	44	20	65	52	84	97	69	35	57	16	72	97	79	61	61	49	85	39	23	65	61	56	84	64	4	57	64	44	64	32	6	54	26	39	68	75	65	17	87	43	13	29	17	39	55	61	4	18	97	30	79	62	27	38	27	55	11	7	13	21	91	9	35
83	94	20	71	44	86	55	37	2	81	18	39	29	48	3	93	35	39	71	29	26	64	22	19	98	23	23	97	4	38	9	39	54	36	26	94	22	35	9	64	69	37	88	18	91	91	54	83	70	28	33	39	2	56	32	79	99	23	22	93	78	23	28	1	60	73	92	32	9	66	53	22	72	88	69	27	35	52	60	96	15	5	27	57	21	53	20	85	84	63	12	46	96	91	60	68	5	97	23	49	4	78	24	44	72	5	12	96	34	23	44	81	6	13	11	62	53	66	69	33
58	30	17	90	56	41	96	86	68	93	71	15	28	88	86	64	93	29	64	43	70	94	19	33	38	24	84	36	44	2	22	86	51	37	78	64	41	62	41	84	76	29	12	21	35	98	43	73	72	7	23	5	96	61	55	21	88	18	99	53	32	11	21	83	31	45	17	11	7	91	27	18	97	65	5	46	34	74	53	19	92	91	34	81	3	40	70	70	60	41	17	64	97	23	62	18	41	32	36	38	95	58	61	75	81	82	39	29	14	43	29	15	37	39	84	18	62	95	12	44
84	42	53	29	52	70	11	92	50	98	26	82	68	42	20	60	13	80	53	20	31	73	78	21	32	59	94	44	18	79	68	26	51	76	28	97	38	17	78	23	95	27	2	60	35	90	51	42	33	51	77	30	37	16	96	2	81	38	81	10	47	22	13	11	45	17	34	32	58	19	73	61	84	8	85	47	64	80	54	61	9	92	11	16	77	72	12	37	40	71	51	19	21	51	30	34	68	95	63	90	41	80	5	4	90	48	44	32	95	80	8	33	65	26	86	49	79	87	80	70
60	20	49	42	89	70	89	95	64	34	61	7	80	52	41	18	95	96	39	50	18	37	43	95	84	49	55	45	37	70	75	88	85	78	84	14	32	5	75	96	54	51	6	62	72	11	86	32	77	90	5	33	18	73	68	23	14	9	87	34	92	77	44	18	52	93	74	90	45	95	54	53	38	39	82	87	27	89	77	95	4	30	82	5	56	81	6	48	42	62	47	81	54	64	31	92	27	24	90	88	27	80	61	91	35	30	8	77	5	53	92	74	45	91	36	18	36	94	2	59
7	97	29	46	85	20	33	64	80	12	50	72	11	90	25	36	64	21	13	45	45	21	45	62	77	48	39	95	90	9	40	25	64	53	82	97	67	33	2	77	75	47	95	50	49	58	45	19	9	53	83	83	41	90	71	78	43	13	72	64	76	53	33	88	20	12	23	3	3	42	27	59	4	46	44	50	40	88	28	34	96	60	79	93	9	57	44	58	14	30	36	23	44	90	46	42	28	87	31	36	37	69	64	45	11	2	28	6	23	38	93	35	36	80	22	70	2	75	83	64
89	22	34	53	27	54	23	3	12	16	13	50	95	78	8	9	85	65	1	55	60	43	8	13	20	44	69	8	29	23	84	68	21	83	68	41	45	97	23	73	62	21	70	39	57	75	9	82	42	89	67	41	26	86	46	41	50	37	55	97	17	37	86	8	64	45	14	71	7	97	30	79	73	89	43	29	87	24	92	47	62	92	92	75	47	46	70	3	82	18	95	74	7	49	33	16	59	40	44	72	18	19	89	97	3	89	10	68	85	29	92	53	13	42	93	67	83	62	94	76
6	29	93	23	75	67	8	90	4	1	42	28	2	41	92	58	39	4	5	53	87	51	76	74	20	93	69	90	24	25	51	94	7	79	61	76	20	74	40	42	43	29	72	19	74	11	18	39	23	74	66	11	63	47	39	94	66	5	10	49	97	94	14	73	18	18	74	86	64	42	28	10	48	85	90	53	47	38	50	24	6	61	9	53	79	68	56	80	38	79	16	36	49	85	20	3	45	31	84	14	94	4	44	87	25	63	52	51	17	96	90	68	94	83	5	95	63	70	71	57
95	28	23	54	90	30	37	24	41	81	52	9	42	32	8	61	73	53	96	68	5	10	64	91	27	79	5	39	96	99	77	75	83	69	97	95	79	13	27	79	37	76	37	84	13	49	75	73	59	79	22	68	32	2	19	75	37	83	14	36	29	43	19	65	42	43	47	54	63	68	56	36	22	24	14	21	2	83	46	52	88	30	59	91	46	45	46	55	49	36	78	74	64	92	27	10	91	32	30	98	65	94	3	14	15	18	11	39	90	9	60	97	46	11	48	97	36	64	26	68
57	96	31	76	61	77	39	84	92	91	10	5	76	98	82	92	18	20	87	26	63	34	85	83	54	96	55	67	29	50	62	36	88	14	7	9	47	80	11	60	67	12	17	92	30	6	44	84	97	76	79	50	87	36	9	83	17	8	13	86	86	85	35	58	22	74	20	19	68	65	61	42	31	92	69	94	98	50	18	26	81	88	62	49	57	46	35	10	43	8	19	91	65	57	25	86	16	46	87	60	98	75	60	37	51	52	58	28	8	44	72	40	32	12	39	64	85	93	24	27
7	86	10	79	31	90	12	67	40	35	12	72	41	60	7	17	76	87	35	53	34	35	11	2	10	6	39	81	29	13	95	36	45	9	64	48	51	2	8	73	10	56	79	94	29	68	13	55	56	58	90	40	70	66	70	53	51	13	78	93	98	99	96	62	44	80	9	82	30	53	81	38	65	73	90	25	94	42	7	88	6	67	73	40	65	35	56	38	68	66	33	21	93	14	94	93	19	41	56	8	58	31	23	58	57	10	39	58	38	61	54	37	83	54	71	66	45	1	81	91
60	21	12	61	51	78	52	32	33	13	66	58	82	31	43	37	92	46	62	41	66	23	63	94	58	22	12	38	96	44	63	27	82	86	88	82	88	58	87	29	61	87	99	90	90	57	93	60	69	80	38	76	76	6	62	84	15	81	14	49	91	89	72	91	66	36	62	18	10	1	33	65	89	74	97	46	7	10	22	38	26	46	10	66	5	69	18	32	37	97	27	97	24	20	53	10	13	6	67	45	70	73	83	31	34	70	7	5	41	72	32	61	90	32	51	95	55	77	78	78
59	57	69	28	71	1	56	13	57	43	49	30	19	61	62	74	25	6	84	84	82	84	38	18	16	5	81	84	13	25	20	71	86	84	47	26	22	20	8	3	17	6	56	61	81	89	93	15	71	10	97	49	18	13	64	61	84	84	16	18	53	59	46	14	2	85	65	38	10	38	81	77	36	95	80	11	86	55	3	36	11	30	18	69	73	25	72	61	82	81	2	92	77	69	14	95	40	87	99	39	47	64	49	49	11	90	50	65	94	78	89	13	67	12	13	5	31	94	54	95
28	44	2	12	72	31	14	96	25	7	48	62	42	70	21	24	34	59	20	34	39	18	28	77	73	47	57	12	8	18	58	21	19	6	9	17	17	8	44	69	91	76	77	76	65	13	83	96	80	15	18	59	85	89	14	93	30	8	71	6	57	24	18	5	77	42	84	40	40	42	57	34	70	64	27	80	53	94	96	18	70	80	8	20	19	62	41	82	39	35	57	62	13	33	2	87	60	9	82	2	25	53	78	43	95	30	60	84	29	95	42	79	7	14	4	79	13	55	67	41
59	85	58	46	62	96	81	51	3	92	9	68	92	11	22	75	29	4	76	79	62	43	91	81	54	82	73	85	10	86	77	59	78	86	18	96	95	31	58	50	50	36	63	97	32	83	13	98	30	93	4	92	11	90	42	48	94	8	45	92	37	74	11	43	67	94	70	63	28	31	76	85	79	79	55	21	47	77	75	60	12	37	86	92	60	68	90	78	76	37	72	95	50	17	70	43	74	4	56	70	33	30	16	37	28	14	81	60	10	96	98	4	55	7	94	19	54	85	71	5
28	71	22	74	41	32	61	45	29	26	62	71	56	97	92	61	36	22	95	38	65	6	85	38	12	65	53	72	16	92	10	64	8	12	49	21	94	70	38	5	50	43	18	89	59	93	58	57	69	5	59	17	64	85	15	5	24	66	62	13	66	12	22	91	37	39	14	58	50	21	67	42	94	93	61	92	86	15	53	89	13	40	55	44	35	86	12	64	96	71	79	5	25	28	5	17	48	57	66	36	59	27	88	85	67	99	42	47	67	37	52	18	4	43	42	43	35	84	92	76
97	74	52	83	71	29	89	24	37	18	77	74	26	98	45	40	40	27	77	92	81	89	59	92	27	93	79	66	11	71	81	37	27	81	75	5	2	26	79	21	2	8	65	59	48	10	73	87	63	83	53	49	66	44	5	1	14	48	94	59	19	33	69	66	88	26	77	71	77	72	55	32	68	36	31	98	47	7	1	70	7	85	14	95	18	85	30	24	4	51	58	92	42	53	55	56	16	7	50	95	69	50	77	23	9	45	4	85	46	54	49	81	42	30	36	28	42	85	22	64
28	78	44	45	8	74	26	87	67	63	69	6	58	74	26	34	93	66	67	55	90	94	43	93	30	16	53	78	54	67	76	66	40	88	95	91	63	47	38	48	90	29	24	9	56	30	46	88	64	89	42	10	27	33	58	93	57	95	65	57	80	33	54	13	96	46	26	73	42	22	17	89	44	38	90	55	71	93	62	68	4	34	73	65	39	79	77	48	60	3	41	70	40	88	88	88	57	42	88	60	79	53	13	77	42	93	19	22	7	58	24	58	39	72	18	16	86	9	86	34
88	23	74	11	28	50	61	59	22	53	57	18	4	13	90	87	61	54	77	6	69	46	68	71	11	93	51	4	90	77	25	77	35	44	86	9	11	66	45	50	84	93	7	55	32	7	98	1	13	18	7	19	14	58	11	17	87	88	9	72	29	31	37	51	82	79	81	41	36	10	68	28	34	35	82	2	90	49	37	2	73	90	69	87	44	90	45	96	4	81	90	85	83	27	15	15	98	28	88	18	96	50	9	80	23	5	82	85	63	42	82	25	31	70	34	61	22	16	37	72
14	54	77	73	56	28	10	31	13	69	8	16	84	23	54	18	67	77	9	43	96	91	82	19	39	69	37	43	86	10	87	30	35	75	92	44	23	19	59	61	66	2	85	64	77	5	18	46	20	85	1	72	72	62	40	48	56	76	86	29	47	20	26	92	40	38	50	19	70	74	25	30	52	89	4	65	51	2	95	85	64	53	64	20	6	73	6	2	2	38	70	75	34	84	58	12	10	2	25	68	65	72	20	6	88	63	69	60	89	36	9	85	81	23	93	80	57	22	7	21
46	2	30	90	21	68	8	60	27	28	50	62	20	86	23	52	64	26	12	96	16	84	72	85	97	56	55	42	13	39	14	17	95	8	36	43	28	47	30	26	94	67	33	94	95	12	83	84	36	97	81	34	99	83	39	69	47	69	1	38	26	97	64	91	20	84	93	24	37	67	54	14	55	79	75	34	16	89	32	71	94	32	32	27	85	62	17	81	92	11	30	21	25	41	88	59	73	21	86	85	39	92	58	14	26	81	90	77	43	75	5	61	8	28	4	98	80	76	69	97
68	89	2	97	87	89	96	32	41	85	32	93	39	36	79	17	96	32	16	29	47	14	54	10	20	7	56	30	84	10	66	89	78	74	83	35	13	59	96	11	18	13	97	2	43	16	72	75	16	35	34	77	27	41	80	30	64	22	89	34	65	37	53	21	68	83	59	31	24	86	38	39	13	83	68	15	76	75	22	22	86	89	11	91	37	31	19	56	84	63	5	28	92	85	70	7	32	71	54	71	83	72	78	92	50	80	64	24	96	89	25	57	83	74	95	68	34	11	25	24
20	89	83	98	70	65	75	75	11	33	44	81	24	56	46	52	84	19	51	56	44	35	39	46	76	35	9	98	76	23	52	29	35	29	58	46	58	58	52	97	33	95	69	33	91	73	18	12	4	55	36	50	28	36	86	57	77	82	31	80	22	28	71	81	41	53	94	22	25	82	86	7	58	34	30	34	51	3	15	44	53	39	81	40	24	91	79	7	62	32	36	28	81	63	56	25	81	48	47	86	81	28	22	25	60	12	91	58	76	48	16	85	92	70	15	41	10	47	50	24
22	47	66	2	23	57	3	72	66	97	76	71	85	58	16	94	80	75	27	97	19	75	94	40	37	49	95	64	1	65	25	21	6	8	97	94	73	49	6	17	85	45	71	15	99	22	64	89	53	28	31	73	21	6	63	64	71	14	74	82	87	71	12	85	10	43	23	22	99	83	65	56	73	94	94	55	87	98	94	26	47	17	73	19	49	67	24	88	77	98	67	59	47	19	54	83	69	59	33	6	77	12	62	5	26	84	41	11	96	20	51	62	47	76	56	43	49	34	69	16
35	7	32	77	79	50	10	89	55	2	94	97	61	27	28	95	21	31	61	74	54	8	11	21	25	59	42	77	35	42	39	31	8	81	35	40	65	62	32	3	90	7	70	50	26	37	89	16	90	18	13	41	39	83	72	2	27	22	23	73	42	21	38	42	43	46	61	77	50	99	7	48	5	29	81	22	95	25	11	11	16	25	35	62	56	68	39	40	63	83	94	36	36	4	81	66	50	82	44	25	34	32	35	21	28	7	59	19	48	63	17	61	44	27	94	87	44	91	51	67
99	70	47	66	27	84	70	26	43	81	34	42	79	33	88	43	85	20	18	93	39	88	26	57	24	43	17	28	13	58	52	94	95	90	68	93	14	90	76	8	73	25	8	37	13	84	59	27	31	43	97	97	31	43	82	79	1	70	20	16	23	34	54	25	86	38	10	47	13	50	40	96	33	19	79	58	63	59	86	62	70	35	39	32	70	96	64	48	71	37	39	6	13	69	97	19	48	77	45	89	33	41	27	17	97	47	26	55	65	29	68	27	12	60	32	86	66	52	12	89
19	94	43	61	19	48	75	39	31	65	38	17	85	39	25	44	64	80	90	49	92	97	47	89	27	63	66	28	84	31	91	47	16	61	3	39	32	22	73	30	22	9	23	92	60	29	83	42	62	35	2	99	13	48	84	5	36	87	71	62	78	31	82	80	66	63	19	37	57	92	58	47	43	29	99	78	97	76	82	50	87	19	31	81	16	55	51	69	52	31	93	86	86	99	56	23	45	37	83	17	50	45	37	34	74	3	28	83	30	68	38	51	1	40	68	94	49	30	80	39
28	34	33	48	57	23	94	51	65	24	70	87	36	77	91	88	40	54	96	10	32	2	38	98	45	13	86	38	66	99	80	91	85	50	57	66	96	5	61	9	41	55	66	80	41	38	10	56	35	25	73	48	53	19	21	87	64	53	60	64	67	58	82	32	69	82	2	77	64	70	25	71	45	76	60	40	95	44	70	81	82	30	48	3	61	10	51	67	13	78	10	86	30	5	33	35	13	63	27	80	26	77	90	72	99	76	51	33	55	62	43	63	65	87	77	24	63	87	15	60
S2jk:
88	92	17	36	32	44	13	70	19	61	57	55	93	59	36	9	90	88	82	74	47	64	73	18	88	59	79	26	98	56	69	2	8	12	49	93	37	94	47	29	25	23	31	49	5	4	89	80	29	60	57	76	56	80	1	87	5	54	20	66	76	53	8	64	49	61	82	32	78	76	49	50	62	60	22	54	17	91	52	25	49	9	65	2	21	38	70	42	14	85	54	74	66	90	56	68	31	3	94	18	74	71	99	57	26	67	66	8	50	34	67	69	17	6	79	23	78	24	72	12
18	56	23	11	51	28	67	34	86	55	32	48	24	86	27	34	25	52	14	83	19	83	71	5	52	10	47	30	40	97	81	7	64	41	62	72	97	34	84	64	36	61	23	68	12	65	66	17	12	68	10	52	63	17	12	59	25	52	43	8	37	18	4	52	61	17	43	85	46	80	56	44	74	65	2	88	4	93	42	36	65	10	77	68	16	71	77	81	47	95	17	23	79	39	41	58	21	15	90	26	40	61	9	83	16	30	69	95	3	7	41	62	52	63	72	81	14	85	11	53
69	23	63	54	62	65	92	1	88	73	96	25	65	92	81	60	54	56	86	10	86	76	18	2	30	72	95	26	61	86	27	63	17	52	43	52	52	21	74	41	4	73	57	13	70	6	34	19	75	32	57	47	76	8	84	28	58	19	38	69	73	94	59	21	95	13	14	62	50	77	68	58	92	32	69	72	52	70	11	92	25	82	47	27	92	63	98	71	38	85	15	11	40	76	5	88	79	9	89	56	12	24	28	69	35	84	54	12	27	50	12	59	18	29	47	9	26	78	39	32
92	20	48	41	65	13	47	71	77	25	31	7	61	9	52	79	81	88	6	39	7	65	51	37	34	41	46	36	49	89	16	74	94	5	49	21	11	44	74	80	54	41	32	42	61	25	61	7	55	34	28	63	61	73	29	26	81	53	54	13	89	60	55	26	84	32	86	49	48	59	32	21	35	46	80	89	60	26	83	4	16	13	76	96	88	3	71	67	25	86	84	76	12	67	13	65	89	44	58	8	83	67	22	97	64	30	80	45	60	55	62	67	98	61	41	12	51	33	72	52
99	16	88	13	80	14	47	43	38	83	63	98	89	33	90	27	85	6	62	21	75	84	80	88	83	24	22	35	62	69	33	89	84	48	22	14	42	81	42	20	30	96	31	47	41	40	32	51	50	97	7	32	24	28	64	86	55	29	23	28	36	74	56	5	50	86	60	77	61	39	12	12	61	39	78	91	84	95	83	82	79	74	73	25	37	75	86	42	69	91	11	43	80	94	20	78	93	5	77	64	59	53	48	69	50	72	5	64	20	48	97	16	60	89	49	54	24	36	55	3
14	37	49	49	47	14	56	88	89	85	6	70	28	53	21	85	6	58	33	80	89	77	23	61	37	94	38	50	87	98	13	36	56	96	67	31	69	18	12	47	76	30	23	57	52	13	30	11	49	84	20	81	8	76	49	30	6	89	50	84	74	71	52	7	12	44	65	16	80	72	79	67	44	17	81	87	25	33	30	90	84	62	27	7	85	93	99	39	32	87	40	30	4	15	80	41	35	57	11	42	11	43	25	10	52	72	44	1	97	46	58	38	80	77	39	16	80	90	67	63
63	40	45	21	9	65	52	76	66	37	58	31	58	50	19	39	78	42	39	17	77	39	19	98	47	20	40	98	75	4	4	51	64	90	1	20	23	36	28	41	75	22	1	76	7	30	86	76	36	33	11	19	70	73	63	86	30	45	85	97	61	92	9	31	31	34	78	83	76	77	7	10	34	14	3	82	77	60	70	83	73	92	64	70	28	39	12	8	71	60	37	90	37	38	49	97	38	78	15	29	69	92	95	71	66	72	89	69	13	2	11	89	95	47	52	41	19	3	70	45
49	27	75	4	54	35	35	6	56	75	71	37	61	38	4	49	35	29	72	56	26	67	72	68	8	69	43	71	11	31	88	78	80	91	22	83	78	87	60	82	66	79	1	76	96	17	82	70	58	91	36	85	32	53	45	70	83	87	13	83	17	32	65	90	16	38	63	53	59	32	51	45	52	41	3	39	33	37	18	15	70	64	72	66	23	39	96	22	55	60	12	87	40	58	86	3	74	2	3	54	86	48	79	99	91	77	40	27	37	81	82	52	79	80	13	12	26	8	79	20
58	61	7	75	61	33	98	90	81	96	81	86	63	15	86	73	17	64	33	79	28	57	95	76	93	11	37	11	50	96	54	19	62	24	51	57	21	41	39	49	31	2	3	85	95	91	34	96	19	66	44	86	8	75	67	26	72	28	65	91	91	17	20	42	86	92	26	91	98	51	51	12	68	90	28	76	13	95	5	26	13	77	30	37	40	6	19	3	73	9	48	66	91	40	35	74	93	66	96	85	35	43	33	63	31	75	48	77	2	19	64	35	82	85	78	11	17	3	66	75
43	43	5	67	9	76	45	41	86	80	79	93	8	69	73	11	79	34	46	31	68	47	39	50	5	3	57	78	17	40	5	30	74	71	42	76	67	24	36	59	84	23	81	53	60	87	40	85	38	43	91	60	33	99	56	31	89	86	43	10	90	44	97	3	62	25	7	56	74	52	70	60	18	90	5	73	60	32	56	30	90	34	48	15	76	15	88	37	40	59	68	4	69	74	23	45	40	29	93	26	89	47	96	56	96	25	24	72	52	16	27	64	17	72	1	24	60	93	61	29
79	7	62	44	13	60	83	74	93	34	31	49	4	82	48	85	88	25	52	10	60	45	17	27	32	33	91	25	47	70	15	12	59	91	15	6	57	91	17	42	76	69	69	32	2	10	61	81	65	58	70	22	6	21	83	70	87	85	40	59	93	44	81	22	80	93	53	50	80	79	3	46	14	54	77	72	71	62	6	97	76	76	28	34	91	31	32	74	58	65	48	60	10	60	70	45	84	99	88	77	57	12	19	59	69	84	48	50	67	76	8	97	63	1	37	6	29	24	87	8
2	9	57	30	55	63	69	24	91	55	27	96	35	73	21	12	23	48	52	37	82	30	64	37	84	29	93	65	56	79	57	72	88	25	31	74	97	19	83	63	68	94	17	92	22	72	50	75	17	40	57	26	58	31	81	41	92	84	90	56	58	35	23	58	75	9	22	33	43	34	80	68	62	3	95	14	23	28	8	76	66	56	33	35	48	15	58	3	80	91	73	94	21	26	55	89	17	91	43	6	2	83	11	16	96	90	89	74	19	76	36	88	62	37	96	24	59	63	89	53
47	39	49	96	60	90	13	53	10	89	63	32	15	95	47	65	90	9	79	30	24	65	87	10	17	80	26	27	61	79	98	93	97	60	2	79	70	74	80	63	65	84	98	33	76	25	31	54	2	86	18	26	22	3	56	28	63	10	43	63	30	85	28	80	20	34	88	15	80	80	82	41	29	99	71	30	3	29	51	33	59	72	76	12	65	63	20	13	29	79	95	98	89	46	4	49	89	70	96	63	94	25	61	29	21	20	93	85	39	66	46	25	63	39	83	38	91	53	32	43
80	63	19	48	50	71	77	84	74	90	42	93	45	65	39	20	11	37	30	84	37	87	73	33	27	62	8	75	31	88	33	35	76	44	85	17	8	93	22	31	31	36	45	24	20	34	18	33	5	1	14	15	85	44	46	5	4	62	91	39	34	97	85	31	41	72	55	29	94	60	66	75	20	48	65	21	54	78	35	91	93	57	97	50	42	35	13	34	67	53	89	47	52	51	53	42	5	27	47	76	8	23	81	75	94	26	27	68	8	9	93	16	19	84	76	93	38	4	81	13
12	58	50	1	3	23	7	67	13	85	45	30	21	92	96	88	44	54	9	57	17	82	68	79	8	28	11	67	33	84	67	46	35	66	93	75	83	19	22	73	56	81	31	94	45	94	49	71	93	30	69	65	79	91	11	60	12	77	39	91	16	72	72	44	38	95	35	15	94	64	35	8	20	60	42	51	81	38	96	19	81	25	67	12	80	90	72	14	75	45	15	24	34	26	16	52	69	72	63	47	69	13	76	20	17	83	39	74	34	72	37	46	98	36	85	45	69	50	55	47
61	14	37	62	11	85	23	24	15	22	49	80	53	24	44	21	51	95	94	84	4	19	27	47	81	57	9	17	64	45	99	24	77	55	56	20	98	75	68	22	64	25	40	85	43	29	58	63	97	64	52	41	64	31	25	41	10	45	97	5	59	22	61	60	27	66	41	90	67	15	82	74	69	50	75	10	85	36	80	76	36	93	44	94	44	16	94	31	14	55	67	87	90	73	26	31	33	73	62	92	23	78	58	90	22	64	55	79	86	22	59	58	26	69	53	64	91	57	41	76
91	46	13	5	59	54	43	15	5	19	39	13	68	97	52	54	87	35	47	17	78	75	97	29	65	82	77	19	15	30	24	22	90	18	63	38	12	75	55	53	59	45	18	65	69	88	20	26	10	41	7	17	49	75	51	53	30	1	33	71	78	12	76	81	61	43	81	47	76	58	4	16	76	95	93	85	34	78	88	88	74	27	14	18	15	82	41	1	81	79	16	97	45	21	48	48	42	13	96	20	4	16	68	19	52	72	78	10	72	89	86	63	73	57	15	13	58	19	5	58
3	64	2	14	72	11	79	30	8	77	14	10	95	22	41	86	4	50	56	86	87	53	17	87	50	47	26	89	56	63	5	16	29	40	1	54	23	75	21	79	73	92	78	37	17	38	23	80	80	6	89	22	29	12	45	9	71	4	79	61	50	72	2	16	7	64	30	59	12	62	53	54	28	67	83	60	12	60	59	63	90	9	19	44	5	84	5	25	41	69	74	34	89	88	31	33	26	45	98	37	93	98	49	40	20	73	91	44	75	40	31	33	12	72	73	51	36	53	98	31
76	79	58	71	31	72	92	51	23	96	24	73	86	77	74	53	29	48	49	31	26	92	31	28	51	51	61	52	7	71	12	90	52	65	32	98	95	30	44	63	6	73	66	52	80	46	75	98	34	59	96	51	18	79	86	43	27	14	74	8	41	30	18	60	87	99	18	44	22	14	18	50	3	4	52	43	86	44	77	45	75	87	88	44	78	60	93	43	93	66	6	75	2	75	2	61	55	58	10	79	57	32	12	90	90	98	39	13	81	14	43	43	50	39	41	23	11	89	16	85
76	55	41	32	55	47	9	28	94	4	56	80	8	44	72	53	72	39	38	49	48	90	12	33	66	66	19	98	97	19	24	59	44	50	28	98	54	4	74	75	76	52	51	40	60	35	3	97	4	64	51	39	85	50	20	49	92	17	39	53	66	93	29	45	3	6	73	8	28	87	1	49	32	23	63	21	9	76	6	51	93	49	41	57	51	2	98	9	49	35	22	53	5	90	11	74	66	25	32	92	98	77	9	14	66	78	76	88	65	60	18	68	34	71	86	97	20	21	12	90
18	96	10	7	25	85	65	63	90	58	25	7	34	88	25	81	97	50	36	4	54	6	26	44	66	98	96	51	16	3	16	6	11	50	27	9	71	91	39	30	25	73	70	97	92	2	76	6	71	41	87	11	9	15	46	61	27	88	89	24	1	55	97	51	7	12	69	94	67	20	84	70	82	76	27	57	68	15	55	18	72	66	9	59	28	59	1	45	82	53	37	36	15	42	98	20	5	68	99	72	36	33	47	13	48	3	40	7	72	10	98	36	41	18	3	78	87	47	74	34
39	8	84	23	22	12	59	80	59	38	29	47	80	48	68	14	39	58	43	16	87	49	47	95	47	5	33	36	28	43	90	20	50	35	77	72	59	44	87	32	73	17	74	83	58	11	27	62	67	61	12	56	66	18	99	12	38	37	53	52	82	74	38	79	60	78	94	96	6	74	94	4	42	64	37	48	51	65	30	36	28	9	65	63	7	10	19	74	78	51	21	23	79	26	47	47	88	45	58	4	7	16	45	43	81	16	28	3	93	54	20	44	25	96	77	26	17	72	8	34
36	23	98	36	7	84	41	27	10	92	10	2	89	98	5	23	9	64	80	4	50	67	61	80	66	69	4	59	11	47	72	79	32	99	52	27	34	5	4	33	68	31	98	5	72	54	9	53	70	81	39	7	26	85	25	54	50	77	23	66	4	73	1	91	10	98	50	93	85	25	25	50	69	96	75	15	83	48	73	21	27	43	30	57	21	81	38	88	85	82	27	91	45	29	81	56	34	27	11	77	35	30	46	27	55	88	3	25	85	61	43	72	33	85	19	10	63	31	19	79
85	5	41	86	9	20	52	7	29	18	15	43	90	76	77	77	96	50	29	45	79	97	62	87	64	64	2	85	74	61	71	98	61	81	53	15	7	79	47	29	2	95	10	14	44	25	89	98	31	87	68	92	38	57	62	72	65	23	5	39	23	91	85	10	20	92	87	1	18	12	27	80	49	28	21	93	82	58	86	7	54	80	61	6	33	38	28	98	65	84	47	17	86	52	92	73	89	82	52	61	57	5	28	3	49	95	46	9	70	22	11	65	34	98	44	99	34	46	51	34
39	68	49	38	95	33	44	2	32	41	44	65	80	84	63	99	39	12	15	78	4	24	81	57	62	61	27	26	33	14	68	93	76	77	80	84	81	1	18	77	20	82	31	15	45	64	18	91	67	18	33	91	15	80	57	69	39	12	74	16	8	20	91	58	4	9	91	34	59	43	37	79	20	98	84	53	71	40	31	81	17	99	91	50	30	20	88	69	90	17	21	87	30	21	72	42	55	83	15	86	98	17	31	67	20	22	94	77	43	1	89	17	91	39	64	16	91	98	74	33
7	43	46	15	93	98	96	86	71	23	73	61	35	8	35	65	57	25	92	17	44	44	32	99	90	71	49	2	23	82	77	26	3	43	82	4	48	69	81	80	93	99	85	3	80	1	91	12	17	67	19	53	7	30	39	97	28	95	19	68	43	88	28	61	58	50	64	36	93	77	94	45	5	19	28	20	82	14	23	26	36	94	40	20	75	81	98	85	42	69	20	73	43	55	76	38	5	34	46	98	69	27	29	50	52	31	73	82	96	76	17	43	40	44	77	15	95	40	59	14
39	75	63	53	70	20	10	47	91	49	21	92	33	99	28	18	51	65	33	11	38	49	4	53	66	80	24	49	41	91	41	61	32	57	92	47	68	30	73	75	37	78	30	71	87	32	92	83	89	70	50	82	46	81	94	11	16	30	95	59	59	24	6	35	64	49	20	30	81	45	44	97	1	82	11	41	19	11	94	95	29	89	17	37	25	76	81	49	10	24	89	97	89	33	80	7	21	92	22	18	46	56	97	37	30	23	44	36	32	30	10	60	59	31	44	48	5	14	77	13
96	43	52	39	27	34	27	49	91	55	50	50	10	11	86	57	38	29	77	81	85	32	13	59	56	88	88	34	80	18	21	60	48	30	92	54	95	54	12	17	25	66	79	55	13	76	46	37	79	45	79	4	35	65	45	41	61	88	7	97	61	74	46	73	64	28	13	96	9	31	91	6	27	9	42	95	54	97	63	65	29	50	5	63	51	56	16	36	47	14	7	16	28	81	7	36	65	34	75	50	94	15	40	31	7	54	46	6	43	8	12	93	51	53	9	70	54	33	91	32
88	30	99	17	13	83	73	91	78	35	46	45	38	19	99	40	3	20	38	30	94	14	80	19	23	68	5	89	29	74	31	93	27	82	58	3	20	92	19	66	12	75	92	87	85	45	79	11	50	84	20	65	95	63	72	45	45	86	73	24	68	74	90	98	32	18	69	26	41	3	62	14	13	32	5	3	79	76	36	80	21	64	91	5	96	3	73	38	20	68	64	16	7	30	96	31	23	33	77	94	31	72	28	16	78	5	50	74	83	58	97	30	81	48	56	6	89	13	14	41
76	38	93	60	46	56	89	29	5	76	30	40	80	72	27	37	32	3	97	88	29	85	70	21	61	59	28	64	27	2	22	46	12	92	46	67	5	70	18	10	9	84	9	52	45	64	6	72	48	15	89	54	70	30	82	73	60	97	82	63	12	62	97	51	92	7	15	33	54	59	39	91	18	66	7	99	94	20	39	97	22	21	41	21	45	82	69	68	67	97	46	66	45	12	49	53	90	78	34	69	47	54	89	16	4	61	77	51	36	25	91	41	87	40	7	14	81	31	6	1
18	55	53	27	45	2	59	19	3	57	40	87	91	95	66	99	3	48	21	22	45	83	16	10	99	35	30	51	44	71	63	7	68	64	60	83	52	35	65	5	53	82	99	66	61	18	32	79	36	28	44	94	78	73	10	30	25	23	15	3	81	57	85	31	10	26	24	7	55	69	22	42	95	37	26	19	21	5	66	30	69	78	16	82	93	33	85	56	89	24	88	1	5	63	33	66	59	23	39	30	77	30	60	90	41	10	99	2	4	6	65	43	43	46	17	31	31	14	47	82
6	85	86	33	6	59	39	80	8	16	30	12	52	18	87	32	3	25	4	85	23	26	17	13	49	56	19	22	45	46	12	57	34	18	13	86	51	99	63	23	68	14	88	86	82	66	29	79	69	73	22	24	67	76	22	3	10	30	63	50	1	22	64	78	61	30	14	4	97	66	13	18	57	25	3	13	66	69	15	98	22	11	54	30	81	97	27	71	56	95	98	18	16	76	91	1	69	78	22	36	21	60	19	96	50	33	62	43	20	39	27	15	82	79	22	81	66	21	78	44
41	16	84	38	3	82	52	53	4	62	8	47	30	99	46	77	5	40	40	68	59	32	46	45	3	18	21	30	65	9	3	90	46	17	46	51	3	89	73	42	47	65	65	92	82	37	7	95	70	60	61	85	42	9	84	41	59	35	78	30	39	5	58	3	98	28	17	61	45	13	9	62	26	13	41	15	39	45	66	12	3	69	91	45	20	28	48	10	35	57	55	71	24	87	94	93	60	11	49	32	37	42	50	80	29	19	29	76	44	57	52	28	33	60	46	25	89	26	27	10
66	81	66	22	67	29	39	81	14	23	38	18	83	50	4	42	60	40	8	31	75	37	72	91	76	93	27	63	87	91	98	65	42	37	67	60	59	15	33	77	53	92	55	62	42	70	87	94	71	32	80	66	62	88	55	58	54	72	74	90	70	21	60	41	33	21	84	18	13	43	5	39	46	43	42	97	39	1	56	65	31	61	60	83	14	47	76	62	75	10	7	87	50	13	27	90	3	37	33	72	81	70	78	8	6	13	10	14	78	21	29	2	63	81	49	52	70	93	60	12
20	97	46	86	92	46	59	75	64	73	43	17	6	46	85	52	4	94	62	30	17	20	24	78	23	35	95	79	68	67	15	86	8	94	79	28	29	53	74	86	32	74	48	17	98	35	80	49	29	76	15	35	44	54	93	47	3	35	88	25	36	96	84	61	51	59	25	60	30	47	70	51	12	33	92	72	84	46	76	20	58	90	10	86	19	48	53	65	23	72	47	9	72	4	25	83	33	25	60	30	87	73	51	45	23	38	39	93	61	99	17	48	35	6	48	89	49	25	84	94
37	98	92	75	5	77	93	2	70	77	91	71	31	21	70	64	42	73	65	18	49	8	56	14	67	25	8	75	5	5	4	59	71	49	3	12	43	56	66	91	94	4	11	23	4	41	43	30	37	23	88	80	84	72	28	13	3	48	73	42	55	25	7	36	23	31	24	32	17	34	94	57	10	53	66	46	84	29	11	81	56	58	88	27	93	8	84	46	5	9	42	27	91	26	63	18	37	43	95	18	14	81	22	89	13	44	44	66	32	3	2	4	37	29	15	46	62	98	21	5
57	26	87	25	81	58	44	53	90	12	23	8	15	82	42	33	83	85	60	47	24	56	97	18	56	94	65	57	26	70	68	85	49	24	86	38	47	80	95	38	96	82	45	38	68	17	87	91	68	76	43	88	96	20	73	27	99	91	31	89	69	38	56	30	15	65	4	58	26	69	92	20	30	98	62	62	18	94	25	62	27	3	27	29	96	76	46	33	22	48	66	42	8	23	17	72	24	76	69	47	75	33	31	17	94	94	41	57	81	51	97	5	83	16	73	34	26	30	74	49
74	42	54	9	48	10	81	18	27	93	5	49	41	36	68	23	69	60	64	22	83	28	47	32	37	94	19	73	87	69	14	12	57	45	76	89	25	2	70	70	64	61	94	8	11	18	90	44	54	69	74	81	56	90	39	18	69	29	36	11	44	64	13	23	67	90	50	27	8	53	71	28	88	13	20	19	15	53	95	28	48	77	20	77	10	86	94	83	91	69	31	21	91	31	91	86	54	61	16	79	22	97	31	94	64	70	92	33	14	49	51	48	11	5	73	39	51	58	86	28
94	35	91	11	5	8	54	45	55	13	45	7	43	78	54	23	90	67	49	60	42	69	8	46	97	51	51	12	56	55	35	92	50	58	85	6	54	71	10	92	77	58	38	72	6	16	33	51	18	84	7	1	87	27	10	21	20	30	69	11	45	27	62	81	83	38	24	89	87	6	38	28	52	9	80	91	91	29	47	79	72	59	49	99	27	5	72	12	53	32	4	15	79	31	40	90	10	57	27	39	99	83	50	20	58	90	38	35	82	68	82	81	51	77	4	44	65	15	76	19
69	71	97	86	25	56	2	8	36	4	46	86	94	64	49	46	45	54	83	33	10	7	54	26	18	95	95	32	61	92	27	11	41	35	51	2	72	78	18	54	55	92	36	14	2	90	58	69	70	82	34	82	44	50	5	80	62	45	54	25	46	32	57	49	31	42	8	75	59	88	47	59	7	95	66	22	82	27	77	94	22	68	45	9	37	27	41	55	65	85	8	4	66	69	63	58	42	77	40	37	73	11	69	65	15	22	85	78	45	77	68	72	49	96	1	8	90	65	82	17
90	62	37	75	65	45	25	33	13	12	2	83	6	83	18	44	77	54	89	30	67	27	11	1	55	34	61	72	31	32	9	53	53	38	30	76	29	65	38	97	34	13	96	21	83	52	64	21	12	20	61	68	64	46	81	76	2	50	85	16	33	51	22	97	7	83	33	11	31	89	16	64	93	97	75	36	59	87	29	32	8	70	81	54	92	66	55	13	21	28	35	58	34	98	92	88	25	67	76	22	2	85	12	4	34	59	33	21	20	85	81	93	64	47	41	20	62	59	97	43
40	59	3	35	14	31	84	19	17	91	66	84	37	87	81	89	33	86	99	15	87	72	43	68	87	6	26	15	82	38	32	66	48	91	86	54	83	17	29	69	7	33	96	86	93	30	8	72	92	5	52	46	86	55	62	86	81	49	99	11	7	54	52	50	64	11	86	33	9	95	36	86	40	12	17	53	31	18	35	47	5	34	26	31	51	41	39	84	28	50	9	17	97	77	35	9	43	47	31	72	82	44	6	58	29	2	80	96	67	73	83	74	14	16	58	12	80	58	37	96
86	81	83	95	50	82	97	9	60	86	2	78	46	70	97	15	60	97	50	30	49	86	71	7	92	55	87	54	6	61	90	82	61	86	39	37	25	20	69	28	80	81	13	84	59	35	87	55	12	47	15	12	40	83	31	47	55	96	67	82	92	49	73	66	92	23	73	7	35	43	71	65	65	67	4	19	9	47	32	32	87	14	90	48	43	38	37	46	86	49	47	90	72	84	67	71	60	67	23	71	74	97	9	88	42	34	61	11	83	34	37	37	29	85	20	88	68	52	34	9
97	59	27	26	19	80	95	32	22	79	71	43	78	35	68	50	75	70	86	17	31	63	39	3	81	15	9	97	37	33	54	51	90	22	92	57	86	9	4	53	61	94	53	97	24	74	49	37	86	49	56	12	48	75	59	13	88	31	42	39	94	98	41	52	58	3	83	3	97	97	23	53	10	30	89	42	50	6	59	79	86	76	26	2	45	92	35	6	40	95	35	13	75	90	3	57	39	58	22	62	33	8	8	5	69	79	50	72	89	31	34	12	86	66	29	69	96	25	11	83
29	83	90	89	39	5	28	67	88	44	61	23	9	52	82	1	54	10	81	51	35	40	54	73	5	42	29	52	11	88	20	14	54	2	22	9	9	38	52	66	39	22	5	96	16	62	14	14	86	98	80	67	19	11	29	45	30	20	71	51	26	48	95	29	22	74	3	42	21	80	40	26	22	42	78	85	95	19	81	3	69	74	30	62	25	70	75	44	86	12	41	3	44	58	97	9	50	60	58	81	4	93	49	64	32	79	84	96	22	71	57	3	79	87	56	62	79	77	36	51
72	1	27	16	23	62	70	48	20	87	38	7	41	87	3	60	71	20	29	17	13	42	10	86	87	9	90	55	41	55	36	30	63	70	35	67	75	20	3	33	67	96	71	36	41	92	78	70	86	10	36	81	55	14	29	28	84	85	31	86	79	3	37	81	66	31	83	42	2	60	30	26	71	23	35	66	38	4	10	9	27	3	19	84	61	77	69	47	25	76	99	89	57	22	8	54	21	71	99	40	98	39	45	7	68	21	49	84	81	26	70	4	75	24	34	92	20	8	72	8
89	33	44	16	20	19	46	23	71	19	6	15	84	54	1	3	1	68	33	61	52	52	35	15	5	59	54	70	84	29	18	69	88	9	61	22	43	88	85	2	24	9	19	80	42	88	51	96	44	14	40	37	26	62	81	54	19	10	87	77	71	13	40	57	5	58	95	18	6	31	76	93	65	27	9	45	59	80	76	69	33	50	12	25	25	81	30	27	39	95	97	86	58	93	35	21	54	51	11	20	73	52	3	53	75	17	28	10	35	36	56	58	90	48	54	5	14	91	25	43
55	46	16	23	89	57	56	25	16	20	61	1	51	10	43	65	56	71	76	55	63	58	83	76	85	30	63	46	18	4	46	10	2	17	3	71	38	77	55	18	82	51	18	53	85	75	15	25	7	71	94	55	14	71	49	88	85	44	28	50	94	44	58	56	48	88	43	15	71	55	10	6	59	21	46	5	22	78	85	88	61	14	69	18	71	23	64	83	78	54	97	48	58	35	66	44	75	73	83	77	49	94	14	39	32	47	84	4	96	82	45	26	10	26	77	25	76	41	52	16
5	34	58	41	55	87	70	94	96	83	13	5	62	41	16	83	57	87	56	14	14	6	6	80	62	56	22	37	34	93	50	26	76	78	49	57	75	8	60	78	43	25	82	45	16	83	2	80	82	73	21	54	41	39	42	96	61	84	10	47	43	11	27	81	71	50	96	50	77	47	3	12	73	96	90	46	40	15	3	25	63	28	26	47	94	59	86	37	64	37	90	28	53	83	45	81	88	8	40	69	42	58	26	33	68	63	57	79	16	93	90	87	47	2	68	11	25	88	10	79
30	32	31	45	72	15	30	74	1	7	48	54	20	83	4	38	95	84	34	68	68	40	62	37	41	64	80	56	6	54	22	4	9	41	75	58	71	10	25	18	46	43	84	46	80	67	56	40	42	89	93	61	98	10	33	36	6	85	10	62	29	92	41	67	32	58	61	70	20	46	19	98	80	75	26	84	57	26	98	89	28	2	30	70	20	29	33	83	78	25	92	37	21	68	43	21	64	27	75	69	38	53	33	46	50	88	97	28	94	98	24	37	93	36	40	82	20	58	33	16
37	30	24	84	42	29	78	5	5	63	50	50	79	55	42	44	17	19	97	17	11	67	11	24	54	11	75	90	67	11	13	84	61	83	41	34	52	75	87	56	99	13	35	81	29	33	50	85	67	60	42	30	81	28	36	95	8	39	45	13	17	42	37	11	62	62	97	40	46	90	44	58	43	20	22	64	28	50	98	2	88	17	79	66	77	97	26	77	60	42	82	58	2	8	8	50	74	85	57	40	28	77	28	50	31	1	18	21	12	81	72	17	63	38	63	55	45	67	39	68
55	12	98	7	41	83	84	23	14	94	41	50	65	87	5	73	68	6	71	30	63	11	35	25	77	42	7	84	69	2	40	20	23	74	12	35	33	59	9	45	12	3	55	44	59	31	86	16	71	22	36	3	35	7	92	73	6	91	2	80	77	41	21	67	83	24	95	11	14	36	63	40	63	89	31	82	55	42	41	93	10	85	64	5	24	23	62	90	90	2	73	88	46	15	52	84	33	12	2	33	20	22	97	48	80	11	57	22	22	80	66	89	6	16	49	48	52	80	80	18
72	1	94	62	2	43	44	70	51	18	76	26	93	96	10	33	50	27	59	11	96	92	60	32	7	46	85	50	62	4	71	87	47	7	90	55	36	9	82	61	54	26	23	23	24	3	46	21	48	32	42	16	6	51	99	46	30	26	15	65	88	25	72	84	71	39	38	21	38	77	94	30	76	60	47	2	4	5	50	38	33	86	83	31	54	8	9	57	9	43	75	96	64	24	24	6	72	54	16	18	47	36	6	37	52	69	45	63	92	38	60	79	11	92	56	38	58	61	69	17
72	16	64	8	2	94	31	42	12	19	32	35	90	50	49	67	80	96	2	50	99	11	68	17	4	77	11	57	60	38	67	7	73	75	41	44	66	29	19	75	10	6	74	95	46	85	72	57	96	59	79	68	56	16	29	41	52	67	84	55	11	55	32	21	41	16	33	88	42	35	28	74	89	63	60	95	40	20	60	49	23	80	56	67	52	26	3	31	21	65	29	84	6	56	4	39	20	95	65	10	28	83	26	8	90	73	39	34	34	94	27	11	78	17	42	51	11	84	97	57
34	80	30	89	68	36	12	66	18	18	45	62	81	18	3	84	29	72	90	83	12	8	18	75	75	62	31	30	33	98	70	71	63	81	10	65	47	26	88	64	49	2	41	22	5	66	15	87	6	82	59	71	43	59	37	18	68	55	69	47	44	72	65	14	69	65	26	69	70	2	74	14	92	40	79	61	23	43	64	2	86	88	14	59	53	67	24	65	90	95	30	6	33	44	48	46	59	42	73	27	12	87	96	56	82	90	62	56	59	64	50	73	72	90	66	68	60	63	60	12
63	97	88	63	38	47	98	12	81	37	23	73	59	68	70	28	14	59	39	97	10	18	3	98	44	65	27	67	47	90	85	28	68	2	75	16	93	27	3	59	49	33	21	15	58	63	22	23	54	75	35	50	4	34	61	71	24	82	17	79	14	52	12	4	27	25	44	31	34	83	9	33	48	54	4	71	95	91	3	21	73	90	70	78	2	50	49	43	93	69	37	5	67	60	89	5	17	59	51	3	12	99	14	16	37	8	43	19	75	41	42	70	94	70	19	92	5	79	13	20
23	92	22	40	3	73	16	83	69	13	90	19	8	77	32	90	65	70	49	73	46	49	21	57	75	11	95	22	95	46	13	50	76	55	74	3	98	57	64	20	80	72	47	55	58	6	97	74	98	14	45	84	84	34	80	73	84	60	40	81	46	47	94	13	96	26	51	89	62	6	40	88	52	87	45	17	48	51	45	44	44	42	94	87	36	64	30	14	23	36	93	44	81	13	51	41	81	60	69	84	47	41	60	57	1	9	19	51	45	81	33	37	90	49	45	46	59	10	44	40
18	39	61	98	6	94	93	64	37	62	21	12	92	27	68	89	52	66	18	50	12	35	32	39	68	52	47	2	17	93	26	94	59	93	51	79	9	10	12	51	11	96	84	83	62	3	37	47	45	9	78	96	31	80	46	79	98	7	51	99	82	91	44	9	76	49	48	92	65	11	36	82	6	8	11	42	49	25	48	88	7	80	80	1	26	38	93	53	36	92	11	75	81	68	40	87	75	91	59	53	66	36	50	51	30	36	73	28	87	85	44	45	30	93	51	33	76	21	42	10
21	29	41	1	17	36	22	73	64	75	11	90	32	66	92	29	19	70	82	64	72	46	99	17	10	92	6	75	12	91	16	86	35	61	8	9	78	32	28	94	55	5	40	63	64	27	33	69	5	69	87	93	97	49	99	61	47	90	7	81	40	95	65	92	7	73	81	13	36	90	70	68	59	82	69	38	79	35	7	27	16	93	48	79	19	6	36	18	2	26	67	58	89	68	2	81	18	3	70	22	8	78	69	73	16	78	12	91	70	16	9	18	41	71	88	58	25	79	10	80
23	55	98	55	39	8	6	37	60	4	93	51	24	56	1	70	26	64	30	65	17	79	2	3	21	80	77	88	7	23	53	5	42	80	69	38	80	49	4	34	59	32	42	76	44	17	38	84	60	37	23	37	85	82	53	89	88	50	47	30	4	77	25	66	80	31	21	4	49	61	85	26	29	55	88	98	30	10	34	92	2	79	34	87	98	21	47	33	2	87	93	27	39	65	59	31	59	31	1	78	18	69	98	82	53	18	3	66	92	88	23	40	91	60	64	50	19	51	2	86
72	58	58	36	9	48	7	25	3	7	25	6	72	62	98	15	98	96	17	33	98	40	93	59	29	29	77	34	16	57	14	53	56	59	93	45	82	33	52	49	88	22	98	26	54	40	69	55	2	75	11	51	64	56	81	7	14	50	72	69	63	7	57	34	49	93	95	10	37	60	17	88	72	13	60	8	32	20	7	99	11	17	46	68	23	94	8	45	28	36	64	13	95	86	45	94	76	23	43	32	48	87	50	79	23	38	34	27	71	38	35	98	30	27	6	76	53	62	1	46
13	17	41	21	52	71	61	7	53	27	81	41	33	68	79	15	81	55	94	27	55	22	67	91	3	5	79	12	62	49	78	51	32	37	27	90	21	26	35	64	57	60	9	51	77	83	90	93	50	84	99	83	43	79	54	20	35	23	21	66	3	99	54	96	56	12	97	3	49	75	92	50	70	59	63	81	52	83	99	9	30	47	6	30	26	51	25	15	97	65	26	33	50	34	41	79	19	49	91	6	85	69	31	58	82	30	84	41	1	61	97	79	84	87	62	61	97	6	51	40
48	29	30	66	4	70	54	36	32	20	76	11	74	32	50	93	76	97	72	53	12	91	92	1	14	56	60	7	21	79	87	81	41	10	59	51	21	23	34	54	6	66	68	5	16	79	63	67	50	35	63	46	18	98	3	7	16	53	56	88	33	10	42	46	51	84	34	59	86	90	58	92	96	45	2	6	91	7	89	50	83	70	57	95	6	95	66	30	66	13	79	60	68	7	54	40	46	35	85	31	39	77	74	49	27	20	80	43	75	3	49	64	81	81	78	67	46	15	23	2
16	34	7	77	97	68	87	41	4	8	47	54	4	99	64	22	81	2	57	40	1	36	36	68	35	8	93	98	70	29	76	53	27	51	33	28	22	91	15	68	52	12	27	2	47	74	15	37	21	77	78	53	22	16	78	25	76	45	80	57	9	95	87	67	60	64	80	25	77	58	59	76	1	47	15	75	91	57	4	96	79	10	95	51	33	57	43	80	83	60	94	56	62	3	27	47	4	76	75	22	7	58	85	58	56	3	53	83	27	37	75	26	4	84	23	29	89	10	95	8
77	71	86	21	71	2	90	62	13	14	28	62	92	23	27	57	87	38	91	11	46	40	70	62	35	5	82	14	60	85	90	66	30	98	93	63	64	98	18	19	52	60	25	22	22	73	8	42	18	53	90	70	45	39	2	14	78	13	72	48	15	92	26	35	17	37	87	33	71	39	3	94	85	81	59	32	57	88	68	50	93	17	14	19	63	29	50	68	51	7	60	45	13	10	22	6	49	51	42	48	25	28	76	37	82	17	70	93	16	64	14	58	35	17	53	40	14	16	38	14
38	54	12	76	24	33	44	53	15	18	3	76	2	69	20	30	75	5	28	1	35	34	43	43	48	20	80	98	99	55	79	74	5	2	2	17	93	18	88	95	49	6	24	90	18	68	18	4	65	81	49	91	64	12	73	1	44	32	50	12	99	39	65	11	34	86	6	2	17	72	74	21	76	72	31	86	33	70	72	83	53	29	86	32	77	35	33	93	11	43	35	66	12	7	46	72	36	92	77	98	69	28	7	63	42	29	33	72	13	23	46	6	24	43	75	7	58	85	90	86
6	42	83	26	39	57	55	33	23	73	54	39	7	22	55	91	21	89	2	40	23	50	63	90	56	35	83	25	88	63	62	15	87	30	58	86	47	83	25	48	65	92	76	64	76	69	90	32	39	72	19	34	43	69	78	15	5	17	94	19	71	37	74	55	65	65	45	42	56	9	38	29	89	70	20	60	53	2	48	43	2	68	13	91	97	73	14	22	38	79	49	94	78	78	34	22	77	36	74	98	27	33	95	80	84	42	38	47	33	15	85	76	62	43	69	54	89	44	14	51
76	59	13	76	47	40	17	66	83	44	82	33	81	16	48	49	55	16	81	64	75	46	44	71	27	49	3	73	17	35	1	12	44	10	85	44	16	35	86	88	5	31	66	33	78	8	24	26	32	74	13	90	82	7	32	43	83	85	50	43	39	94	85	93	85	7	27	70	7	84	53	86	26	88	81	3	12	39	38	28	78	90	93	16	25	61	23	21	25	18	50	94	39	16	56	90	19	94	92	16	50	85	31	28	35	95	58	8	53	21	76	5	92	97	40	90	87	69	48	62
45	9	9	70	88	38	63	63	20	92	22	78	86	83	39	5	5	88	44	31	7	78	22	34	43	27	65	7	87	12	42	69	66	39	39	33	41	80	3	11	46	74	85	68	78	30	48	78	35	60	10	93	79	92	33	22	22	72	12	71	34	42	94	14	47	48	76	78	20	49	53	56	57	81	44	69	54	57	75	81	95	2	35	79	96	87	31	41	45	25	78	9	44	23	24	27	55	67	15	63	41	28	97	26	47	20	31	30	86	70	18	43	71	83	8	85	83	52	37	82
63	43	2	10	69	43	96	3	81	81	18	73	65	65	60	46	29	95	86	57	44	20	35	81	66	43	15	9	99	14	74	75	72	50	8	10	24	7	70	63	31	51	97	46	9	43	54	95	98	12	21	11	39	61	46	64	67	69	78	46	86	54	69	47	55	68	19	15	91	1	30	35	48	63	62	91	44	22	78	59	24	3	19	15	39	53	53	57	33	91	22	24	39	64	43	11	27	38	63	55	46	20	15	42	77	94	93	39	42	50	33	69	86	89	92	74	30	35	72	49
39	86	72	83	8	57	48	89	24	32	82	11	28	20	38	38	61	75	96	60	21	86	96	11	14	27	74	50	26	70	81	66	32	7	25	10	18	88	8	26	51	84	14	98	14	54	25	47	98	90	47	68	10	55	23	86	61	63	94	22	9	73	15	73	19	49	87	3	12	25	6	24	35	8	96	11	45	26	14	9	27	17	22	78	40	32	97	44	6	86	7	17	22	47	98	74	5	3	10	23	94	15	44	46	36	43	46	31	47	45	50	37	22	22	13	33	68	31	64	32
66	10	39	14	64	66	68	13	51	10	34	41	69	31	49	59	95	82	69	32	47	50	54	7	57	37	82	99	36	13	97	17	82	91	36	97	3	64	63	19	2	86	9	46	76	46	81	23	58	36	49	6	69	3	97	54	50	68	60	53	59	6	77	21	28	70	84	6	17	63	10	61	76	71	41	28	58	58	79	67	43	38	2	62	41	18	57	99	41	76	85	93	40	62	9	41	69	52	73	39	8	35	79	45	90	28	38	6	16	65	5	56	21	48	30	37	83	2	67	76
80	85	12	21	78	69	27	34	50	5	91	54	67	24	14	52	74	74	36	75	72	32	83	54	55	73	24	99	30	40	76	66	76	90	78	7	11	43	83	60	58	35	51	90	56	8	1	14	97	32	25	44	1	68	45	96	90	64	77	65	97	66	52	1	32	95	18	58	97	98	30	10	74	6	74	71	98	71	54	7	92	76	81	60	42	72	50	52	84	54	78	74	82	6	44	51	55	38	81	73	35	2	2	84	43	47	64	77	63	70	30	61	55	95	8	87	16	92	82	6
67	97	6	63	80	10	7	74	43	27	14	16	1	80	5	9	99	71	76	72	9	3	43	35	61	79	78	39	44	97	42	74	22	55	17	77	17	59	57	96	91	38	26	45	84	92	44	92	88	74	29	4	59	80	77	18	87	86	70	17	65	95	69	36	36	23	76	51	71	14	21	40	14	63	24	15	33	63	96	68	67	58	96	40	61	35	14	68	31	98	37	69	92	92	89	81	83	43	62	14	6	19	41	26	57	95	31	92	87	62	57	96	87	85	84	60	59	28	58	53
9	50	44	36	62	84	35	91	79	48	35	13	37	37	96	33	60	38	52	2	91	11	35	18	43	41	50	81	35	97	76	43	86	89	75	67	52	11	93	93	6	15	95	47	30	79	85	22	76	69	29	12	74	67	68	25	61	27	38	90	65	44	65	20	18	74	13	49	92	95	21	56	33	90	2	94	58	28	74	57	29	35	83	62	21	86	58	85	94	2	90	96	63	31	91	95	16	65	2	20	81	88	12	20	47	6	30	82	69	49	77	48	48	72	6	76	66	87	4	73
98	2	18	8	11	98	72	24	85	81	87	24	65	49	14	8	29	42	64	32	41	57	47	2	69	78	15	10	59	17	63	55	16	46	72	58	68	88	95	88	10	37	57	87	49	9	6	20	35	79	98	49	20	31	60	10	5	49	46	3	23	33	68	55	92	65	84	42	1	15	48	39	3	28	45	34	57	9	52	40	53	47	22	60	7	49	55	70	78	75	41	12	16	46	63	38	96	54	27	11	63	6	98	54	60	78	69	91	12	5	23	35	67	10	93	56	2	79	12	50
4	97	25	19	22	98	95	28	89	76	66	29	87	4	38	9	28	82	44	14	49	80	58	15	61	17	42	71	9	55	16	92	29	13	43	56	39	54	17	57	16	23	20	2	75	75	23	93	8	46	14	58	55	35	21	76	88	55	35	24	14	94	22	75	89	47	12	98	65	48	5	12	87	19	1	24	75	24	17	85	32	85	58	5	39	31	15	46	62	41	97	17	8	57	22	28	75	36	2	62	21	20	9	76	15	89	64	58	20	17	71	54	16	71	85	27	78	58	71	46
12	60	87	91	88	12	52	77	32	38	73	89	69	90	2	78	84	70	81	93	54	97	49	46	21	78	19	79	5	67	28	1	52	3	79	88	58	33	33	56	75	66	41	38	60	79	7	17	73	72	77	3	9	43	3	17	26	73	59	89	45	18	44	61	9	88	60	29	52	42	27	30	86	93	2	44	8	22	48	71	10	57	64	15	57	6	64	8	75	29	80	55	34	24	79	34	12	51	52	81	90	10	90	64	70	20	61	74	29	64	91	84	65	80	76	35	29	33	26	85
17	55	28	32	71	38	95	32	24	54	28	43	10	85	7	60	2	35	7	25	46	93	60	54	75	86	94	83	22	19	3	65	23	7	60	69	80	25	19	53	82	35	94	65	54	47	63	31	77	97	76	11	52	57	75	68	43	13	70	45	89	32	12	65	83	20	28	92	64	2	18	71	81	87	39	21	62	73	20	6	55	24	33	55	58	5	4	70	22	10	65	95	26	70	45	50	42	93	46	63	47	95	38	62	22	51	35	87	73	49	13	43	72	42	77	28	94	17	26	34
86	18	24	23	14	39	41	71	57	2	55	19	55	64	45	11	62	39	66	77	33	97	26	56	2	50	87	26	42	15	49	67	62	67	71	36	47	56	38	71	98	75	93	50	1	82	33	71	73	50	29	80	77	16	53	45	10	45	97	3	33	6	30	54	68	50	52	99	67	69	91	47	59	89	89	18	45	61	13	36	21	32	37	40	83	95	84	5	3	16	92	73	57	79	23	82	73	24	89	11	22	48	60	54	47	11	97	53	1	16	72	23	10	61	21	48	38	90	34	14
28	48	43	17	35	32	26	19	72	10	39	19	49	65	39	49	64	13	53	18	9	43	55	59	97	9	58	14	32	34	86	41	17	43	16	84	66	56	38	89	70	50	91	67	1	58	25	11	62	10	24	15	42	17	43	9	31	55	68	79	19	75	69	49	86	57	18	83	29	95	2	86	79	51	43	54	12	88	52	54	16	82	94	91	34	4	61	25	68	35	71	31	46	63	57	82	16	60	19	40	20	63	40	68	50	53	78	82	64	34	56	67	90	3	82	12	93	77	3	58
81	96	80	34	32	85	77	46	45	45	36	52	89	59	46	42	81	78	62	34	96	22	13	29	38	23	44	61	40	52	31	12	78	23	9	14	38	40	94	46	88	47	64	5	30	64	86	9	18	4	70	24	64	5	2	50	49	70	35	89	74	86	88	47	79	57	30	16	57	91	40	30	85	20	94	82	65	88	99	40	71	77	10	42	19	34	55	71	71	80	26	86	86	29	85	11	42	72	98	6	80	67	93	22	5	76	48	60	8	45	97	84	55	78	16	65	62	21	10	32
53	60	23	64	88	41	52	88	92	27	54	48	49	17	1	25	40	50	19	48	92	58	6	2	58	54	77	98	9	36	82	65	97	9	8	56	48	64	58	52	11	69	32	84	37	70	60	44	1	50	76	30	96	96	44	14	31	47	35	13	67	85	74	2	60	25	89	74	7	82	60	75	87	9	92	62	69	98	4	35	9	56	54	27	4	72	77	85	23	80	79	38	42	73	73	1	13	43	37	25	90	10	38	59	17	52	67	74	68	21	10	40	26	51	12	80	35	88	4	90
42	82	31	58	34	25	76	36	24	90	40	84	20	53	67	62	75	60	96	62	50	64	50	26	70	45	30	81	55	32	92	87	44	58	41	85	56	71	8	26	52	90	98	15	42	62	95	3	46	9	76	67	68	35	92	47	59	90	87	26	12	74	59	93	38	84	75	14	90	39	68	62	20	6	24	98	78	55	62	58	92	7	7	30	24	82	70	95	10	43	28	87	51	43	21	43	46	13	4	84	29	73	9	24	22	52	73	60	9	43	92	41	63	13	40	10	97	30	77	40
11	62	40	92	84	18	40	59	84	33	17	90	64	12	89	6	33	42	69	57	70	55	15	31	41	26	57	88	84	2	30	18	76	37	32	68	19	18	31	48	40	89	22	33	73	27	41	57	90	64	97	44	91	94	31	42	30	86	73	60	44	28	47	45	60	54	60	78	36	68	93	26	61	22	93	14	62	70	14	67	34	77	79	2	65	52	32	60	17	53	54	57	62	34	36	49	30	87	96	51	87	43	88	26	2	87	7	35	73	76	1	8	43	54	56	82	11	72	37	76
36	86	94	35	5	17	84	16	37	43	14	65	51	36	27	8	56	61	69	3	46	67	17	47	19	9	16	24	90	69	71	10	10	67	90	17	83	7	98	91	37	25	97	37	30	92	7	87	16	19	35	69	16	22	41	67	39	42	8	96	17	60	80	44	33	89	6	88	92	44	93	10	67	75	80	29	85	60	18	64	78	3	68	80	42	94	4	54	87	3	3	49	31	93	37	36	11	43	85	34	30	90	53	59	52	25	3	81	35	42	97	74	47	55	79	66	96	94	3	83
81	24	79	10	42	36	60	32	90	88	86	40	20	60	71	79	18	49	66	48	22	69	51	45	50	91	44	69	27	40	7	72	80	67	41	77	34	55	41	37	72	61	94	38	9	84	88	51	60	63	79	29	21	63	96	44	76	15	42	6	12	55	67	10	47	73	30	92	10	78	63	95	44	43	30	37	80	50	96	46	80	28	44	79	35	66	54	40	17	87	8	45	32	36	56	8	79	49	25	79	25	97	13	45	87	50	5	6	4	10	22	24	2	46	65	96	79	6	93	62
80	72	15	93	3	27	24	95	38	23	28	68	97	58	47	55	21	26	18	16	11	41	74	63	10	93	21	76	19	69	42	52	3	53	11	87	88	94	66	26	61	98	44	36	33	11	99	63	32	72	46	10	41	17	50	21	8	26	94	1	11	2	45	33	63	29	12	55	68	90	26	54	6	68	61	92	64	34	2	67	26	54	58	2	8	20	90	14	69	18	85	32	80	84	68	50	33	62	18	14	62	29	99	53	73	36	92	21	86	85	39	39	43	91	41	82	14	12	5	52
80	50	31	18	13	73	62	53	97	26	37	12	74	43	50	17	82	56	81	58	97	2	36	89	48	8	88	65	92	1	72	58	60	70	3	62	2	51	18	15	91	78	46	96	89	88	69	3	42	53	74	33	64	95	63	69	71	98	87	66	47	42	43	38	50	5	18	26	9	34	82	64	4	29	16	61	77	25	4	26	70	75	13	20	16	18	8	52	89	95	35	15	57	65	84	22	17	19	1	14	40	90	38	66	73	51	40	31	77	53	75	44	61	34	50	7	49	27	87	25
95	92	1	74	60	68	58	28	63	99	56	48	6	64	9	56	90	71	84	76	51	16	62	34	30	36	9	57	77	38	57	35	12	2	19	66	9	81	46	63	78	88	76	97	64	70	90	83	63	40	14	54	16	70	45	84	28	48	26	84	17	67	35	92	14	79	14	41	92	93	44	28	79	66	84	57	28	8	62	77	92	95	8	8	30	57	51	15	17	68	21	95	40	32	75	68	22	8	70	24	62	34	80	19	24	25	32	20	41	82	99	38	22	56	82	55	75	41	88	66
90	35	70	60	18	81	79	30	85	33	32	52	89	32	4	51	26	11	33	69	71	34	21	53	94	44	64	63	25	14	72	55	23	78	5	37	95	82	84	7	13	64	85	45	12	47	72	46	73	51	95	73	31	78	11	76	98	31	16	28	50	95	90	45	77	7	9	41	46	4	98	37	6	28	95	66	51	86	53	83	35	82	40	20	32	72	92	15	17	87	67	51	36	21	56	51	42	40	74	9	59	2	32	32	65	83	76	86	9	59	68	37	27	7	5	36	2	37	30	10
36	54	61	41	50	77	59	45	75	52	26	73	53	69	34	77	84	70	22	56	27	9	60	95	55	29	27	61	30	34	77	87	66	7	52	4	50	59	95	7	91	23	87	66	31	19	87	44	98	19	3	39	8	6	44	94	78	47	43	23	69	76	77	51	69	7	98	61	52	31	9	13	22	32	87	37	7	30	32	88	61	40	10	45	57	41	17	24	58	58	77	29	84	81	6	5	88	98	28	73	54	83	92	25	93	42	10	7	90	96	89	67	47	94	86	69	86	28	8	94
80	86	84	30	94	62	88	35	45	7	20	62	21	74	44	26	69	51	92	71	75	54	61	98	44	79	74	66	73	7	71	97	41	18	78	57	75	79	97	82	42	46	98	40	40	84	94	66	85	12	22	31	76	32	32	80	77	94	87	75	10	9	44	46	98	86	76	54	14	48	67	38	41	3	54	38	8	40	75	91	24	95	92	77	50	94	58	61	22	19	97	77	60	49	13	15	12	81	29	4	55	90	78	38	88	19	64	42	69	62	76	18	43	39	42	28	13	10	3	18
59	16	15	92	78	22	4	89	99	21	21	67	98	2	69	5	80	62	48	97	1	41	90	59	74	29	88	33	95	37	88	40	8	57	17	77	87	71	65	48	14	63	33	7	40	70	23	82	25	84	48	17	87	14	20	32	24	74	83	82	52	22	39	89	47	95	63	12	89	58	33	41	86	31	71	78	4	89	36	88	77	22	94	4	50	47	61	98	45	60	76	7	91	65	67	22	75	96	77	48	8	83	63	4	14	94	52	28	47	40	17	66	87	45	22	14	70	11	16	20
41	52	89	65	73	90	43	52	78	38	37	82	70	34	40	12	63	36	4	46	33	56	2	33	37	39	16	78	34	44	5	85	18	98	48	95	63	70	31	47	50	90	64	91	71	26	61	22	38	54	28	21	91	15	82	52	19	25	3	49	85	56	92	30	28	85	90	50	39	67	9	23	52	61	45	79	14	31	8	46	65	81	5	2	73	34	61	86	22	42	78	89	49	39	83	65	29	46	42	13	45	80	12	17	78	83	65	43	58	90	76	98	49	68	98	87	88	56	61	12
69	85	72	40	56	10	25	71	50	3	62	91	53	20	28	13	52	80	56	28	28	68	72	36	79	89	15	33	74	58	40	90	56	39	48	6	19	18	76	6	38	56	56	99	98	8	44	67	50	20	16	59	7	14	18	39	53	47	75	44	85	71	19	24	6	74	42	84	52	32	90	69	35	44	74	57	52	22	65	48	26	63	40	75	76	2	29	83	95	57	9	23	38	37	59	14	2	21	27	46	81	62	62	48	87	3	30	18	72	77	33	44	59	15	90	55	38	77	12	62
82	90	60	77	95	60	50	72	94	15	77	83	25	26	90	91	96	49	36	88	93	96	32	66	46	44	70	4	31	83	89	94	59	83	71	6	90	56	36	20	1	59	94	93	21	48	88	46	72	88	13	50	58	87	15	72	39	15	67	69	30	5	76	4	19	64	20	27	45	21	50	38	49	82	27	72	36	5	61	17	90	46	93	21	9	30	83	88	11	97	96	68	13	91	95	66	16	9	89	68	19	57	53	93	25	40	65	44	9	19	50	32	50	70	66	26	79	88	27	56
33	14	39	8	84	30	46	91	94	29	67	57	48	50	76	83	94	51	35	43	52	41	87	27	5	11	85	58	74	53	16	23	31	34	90	69	38	22	67	4	84	52	67	90	68	70	98	87	65	53	68	46	24	61	88	95	80	14	55	69	88	38	26	30	97	3	90	32	69	7	90	77	78	70	28	84	33	30	13	46	92	77	4	16	59	88	91	12	53	30	1	66	76	23	85	87	72	25	36	60	31	21	8	56	39	23	72	24	21	72	56	76	86	38	32	17	31	95	16	60
19	84	74	67	2	21	12	51	15	13	53	79	14	36	56	64	9	94	75	48	14	45	10	66	39	27	44	58	59	59	46	52	19	96	75	56	89	13	76	14	2	96	94	26	38	97	93	61	28	14	98	31	86	95	49	91	28	34	18	77	23	36	16	82	80	52	6	22	78	31	98	99	61	63	43	86	18	93	73	65	2	74	62	9	74	25	33	12	15	54	10	74	4	37	44	52	59	43	73	25	82	58	76	26	67	28	22	57	62	89	70	95	11	44	72	80	30	62	30	3
22	47	56	83	69	4	85	43	11	42	51	11	99	24	72	90	74	4	70	93	49	27	6	40	44	14	94	48	97	44	18	84	51	46	49	77	39	20	94	56	91	93	46	66	68	17	56	35	3	18	30	3	44	25	87	17	12	77	62	87	42	5	89	43	95	38	29	61	82	77	35	61	47	48	71	79	41	45	1	59	29	70	40	70	62	73	60	59	20	89	82	46	3	86	34	26	87	54	30	76	52	5	6	5	70	63	67	32	54	22	48	96	15	91	24	46	9	29	47	81
5	63	83	46	42	65	47	83	58	60	9	10	41	25	40	76	3	58	57	15	41	92	23	95	67	90	22	86	39	38	69	58	32	7	9	67	66	10	8	92	46	81	9	25	80	98	38	46	2	43	58	38	38	12	86	63	25	89	95	50	49	87	29	10	23	43	9	89	96	24	3	23	17	56	46	99	51	45	40	27	81	10	81	49	56	42	5	89	61	16	81	38	34	95	21	92	14	88	8	15	43	1	10	13	99	79	24	44	28	30	58	85	30	25	19	55	88	88	62	64
37	27	9	13	72	79	58	35	71	44	6	28	78	6	60	16	63	32	76	62	93	44	81	70	46	21	37	48	19	90	59	55	2	86	9	50	42	61	30	91	22	64	13	68	72	37	17	41	70	72	71	63	91	86	22	34	60	14	16	52	95	44	52	85	38	29	22	39	54	87	70	52	71	71	48	4	98	18	30	67	55	76	68	71	60	37	73	96	73	74	77	19	11	4	80	59	67	21	51	24	55	27	34	28	21	60	17	94	29	80	1	93	61	94	96	15	41	8	85	24
44	43	70	65	51	6	24	52	70	15	71	63	59	95	91	82	49	69	78	72	95	84	92	46	10	31	27	34	25	94	25	42	99	18	4	18	17	10	47	69	96	12	57	20	59	19	95	9	52	76	10	64	87	83	59	76	53	40	69	70	32	86	91	74	43	71	20	23	1	5	43	93	51	19	56	95	33	60	51	53	26	20	98	33	76	41	67	56	69	22	20	61	89	43	57	25	12	79	63	39	49	81	91	50	89	37	27	3	7	31	25	75	99	56	47	84	56	96	69	17
29	56	16	41	10	68	47	95	38	61	80	38	51	24	50	18	47	85	77	36	96	37	24	48	55	97	87	23	6	66	42	30	42	50	8	13	55	28	92	49	56	19	35	15	11	72	92	35	33	24	12	26	5	20	53	4	62	69	41	52	9	42	57	45	83	86	97	65	70	18	47	13	72	9	78	84	74	12	84	78	85	97	6	86	61	11	19	56	34	16	53	90	33	24	87	87	15	8	93	84	71	97	47	25	92	8	32	31	11	36	22	99	8	66	30	78	35	35	54	58
13	14	94	62	8	73	59	67	9	38	22	65	62	68	55	56	19	39	54	25	34	73	14	15	30	75	74	57	26	88	73	14	37	51	48	59	62	69	54	18	38	53	75	81	87	57	36	81	10	44	2	60	63	8	13	29	38	43	55	10	33	17	62	82	87	93	91	67	42	21	58	50	68	11	72	45	36	35	85	99	21	50	68	64	81	75	99	48	87	32	28	86	68	51	23	33	24	28	21	55	85	20	38	97	90	4	70	46	5	88	37	39	98	72	87	84	47	26	2	53
14	3	9	85	25	4	21	84	82	23	75	60	25	66	43	98	77	8	59	71	13	49	76	3	78	66	20	51	21	97	84	12	36	86	22	57	52	30	24	98	3	11	68	37	82	44	45	57	16	21	22	1	98	92	47	76	45	56	38	15	40	78	45	89	71	37	34	29	79	54	72	75	13	93	97	43	62	64	24	73	28	77	69	37	44	23	12	75	20	85	94	38	90	18	29	14	41	85	80	92	59	9	96	83	14	27	11	30	48	27	58	6	78	5	2	23	64	85	19	75
2	2	69	57	52	33	68	92	56	22	73	93	63	44	93	80	51	28	80	12	70	10	93	49	70	48	43	11	52	92	25	88	54	88	35	12	35	16	92	88	40	85	48	75	51	89	16	77	44	23	86	95	46	58	11	44	14	2	4	75	96	16	30	54	5	97	76	33	26	90	70	89	75	26	14	17	83	54	15	31	77	24	11	31	27	32	89	68	36	60	92	32	64	51	93	51	26	54	53	18	72	28	13	32	41	41	52	85	98	73	27	54	73	42	8	49	5	82	68	12
72	84	68	53	22	48	32	71	20	16	32	36	66	48	17	64	73	75	98	59	42	86	42	67	17	99	60	51	32	98	12	52	66	98	55	27	66	99	5	46	50	17	33	88	38	98	9	20	25	72	4	20	61	93	22	85	76	53	97	81	7	48	28	24	43	23	21	43	97	96	68	23	65	40	87	24	22	40	55	98	20	16	47	13	29	38	77	65	38	21	37	83	2	36	96	82	50	94	37	19	98	76	32	52	55	5	14	25	83	51	11	67	94	29	18	40	13	53	85	4
88	11	12	85	69	10	12	1	92	27	34	91	66	73	78	86	26	50	35	56	36	43	61	24	21	76	37	70	23	76	5	10	67	86	57	86	23	64	65	80	51	21	57	29	3	9	28	55	70	72	96	54	60	77	19	11	79	59	66	62	41	19	77	44	58	5	72	8	66	1	95	13	64	63	43	64	96	56	5	73	66	47	51	91	7	35	3	83	16	93	75	3	37	97	35	59	31	43	43	72	11	82	44	87	31	77	33	4	71	70	31	40	27	53	96	83	20	67	20	21
38	69	2	47	64	14	51	66	77	92	90	88	81	37	51	69	66	63	53	5	18	73	4	61	58	24	95	3	46	30	26	93	16	63	77	79	94	13	1	45	44	83	76	50	82	93	73	46	70	85	45	36	85	94	69	47	31	76	58	94	85	68	46	55	12	27	65	8	16	33	54	39	43	82	61	35	12	40	78	45	19	14	9	70	41	12	24	25	68	33	71	57	73	14	24	19	25	56	14	30	2	36	45	93	94	88	35	71	80	49	38	10	7	42	31	67	48	32	89	18
75	21	81	21	17	96	83	89	78	3	35	8	13	87	6	70	64	36	87	16	69	20	11	59	7	84	73	56	59	56	7	60	92	5	9	70	39	12	51	40	91	83	9	30	62	46	72	44	22	4	40	19	79	20	44	1	31	66	25	80	29	45	72	82	69	20	89	81	80	29	21	17	85	83	51	14	99	4	54	45	27	35	73	55	33	82	6	6	70	16	31	44	6	38	12	34	78	89	34	61	30	43	7	25	80	14	95	48	18	9	74	84	80	84	56	30	71	68	22	38
63	24	61	33	9	62	5	64	97	98	86	97	41	83	23	80	88	58	23	44	59	74	83	77	31	60	63	12	40	74	71	32	88	67	94	70	48	90	55	23	49	63	30	2	48	93	92	91	22	76	51	22	24	53	80	77	12	88	43	39	22	14	56	31	16	46	23	60	49	34	56	23	25	20	40	48	65	15	64	4	48	40	79	4	26	68	33	67	37	53	51	52	94	51	28	89	49	65	69	74	69	2	1	46	13	34	88	20	24	71	42	95	36	71	27	69	72	91	86	34
86	78	91	67	32	12	31	40	10	72	44	98	95	13	30	74	54	73	22	12	86	15	33	68	59	68	56	43	12	40	32	45	86	96	83	98	2	11	53	45	30	42	34	68	17	54	55	59	15	14	79	13	61	35	61	99	86	13	65	4	38	9	30	48	7	52	46	37	18	41	81	87	63	52	7	10	74	12	87	43	64	53	15	48	16	93	10	70	4	67	68	3	28	29	43	60	5	38	93	2	44	98	39	39	17	27	62	96	98	83	80	62	55	20	6	93	3	7	1	78
66	61	5	24	45	6	44	12	46	25	3	8	80	29	57	21	43	22	37	18	52	26	8	3	7	67	67	61	91	4	16	90	35	42	42	42	78	27	23	35	42	41	96	79	3	56	33	14	10	3	68	15	19	87	2	99	63	71	32	60	17	20	19	94	23	88	57	38	89	28	92	83	79	95	31	66	90	67	77	35	10	66	7	77	54	30	23	46	92	53	61	7	40	62	37	98	48	89	39	17	52	89	37	5	10	6	60	57	8	44	70	12	60	22	67	65	29	65	50	98
18	75	7	79	79	69	21	29	1	82	2	29	64	23	5	16	30	41	35	78	59	67	57	51	94	56	19	84	8	74	43	88	26	94	69	6	21	13	65	74	80	23	80	71	69	87	84	38	85	54	27	8	60	95	10	96	47	78	14	95	94	16	9	60	96	22	78	67	71	15	27	83	61	60	87	9	98	39	73	94	18	13	39	8	66	16	23	98	75	19	61	88	66	30	41	63	54	86	85	88	96	64	77	47	29	7	16	60	57	68	40	13	13	30	41	16	58	39	77	85
72	91	37	37	99	27	86	69	26	44	36	85	16	97	79	79	64	21	24	73	18	57	37	3	61	66	81	10	76	94	70	3	59	21	5	96	77	60	8	49	50	78	80	51	28	3	30	90	48	21	24	13	29	23	51	47	62	44	14	36	28	4	71	42	66	28	74	53	61	40	96	26	27	11	37	45	58	23	6	78	87	58	60	94	48	1	9	58	58	90	7	35	91	22	71	93	92	28	79	80	6	68	67	33	11	20	81	25	41	34	8	69	73	74	53	75	70	92	90	49
56	20	81	24	4	39	54	69	62	57	88	59	92	7	61	35	69	78	28	89	13	70	77	96	20	96	86	49	4	7	67	54	93	65	98	38	56	37	63	45	86	97	95	59	15	12	35	87	22	74	63	21	21	75	23	63	15	26	86	3	73	11	69	51	81	40	51	98	23	3	7	2	42	90	29	20	44	6	44	62	57	76	14	8	94	69	92	58	33	47	26	64	4	58	63	77	78	22	52	31	70	96	7	1	41	48	98	88	47	90	6	95	3	45	56	99	48	83	40	70
33	17	25	40	7	14	7	59	8	16	65	44	40	52	97	88	53	88	56	22	6	9	6	86	26	20	42	5	28	88	51	66	80	39	40	42	49	56	9	50	86	75	76	65	9	3	77	58	42	90	17	90	97	96	87	66	92	61	98	94	83	48	51	55	29	4	41	57	94	76	62	57	46	41	31	85	70	41	19	39	54	98	83	61	9	4	57	83	9	96	24	28	29	10	2	61	49	20	36	71	7	70	24	86	69	89	18	5	55	2	80	46	19	8	54	98	10	9	41	35
85	83	87	97	30	65	8	83	92	66	59	94	44	37	29	97	67	48	91	99	69	8	60	82	86	40	73	12	72	86	17	70	5	7	16	6	17	97	33	87	53	19	75	16	89	44	23	81	20	32	11	43	7	98	56	24	35	10	3	40	54	84	10	22	65	24	43	62	84	29	28	11	96	62	97	78	54	35	90	35	54	81	58	3	98	67	44	76	51	33	77	8	24	91	19	25	7	30	43	58	69	93	72	73	55	73	65	21	28	19	63	16	77	79	20	25	44	6	78	34
8	57	40	13	13	90	98	34	1	36	90	10	79	51	67	52	58	24	89	20	46	8	10	63	38	10	58	50	28	64	24	10	38	24	60	8	89	84	58	23	43	44	33	1	2	23	78	64	98	24	13	80	10	24	24	87	64	28	83	80	12	44	2	26	52	71	37	60	70	5	87	17	11	4	35	61	35	19	29	69	97	15	26	79	93	29	53	93	18	93	25	5	17	6	33	24	50	64	64	47	92	12	55	95	7	23	76	43	15	57	27	91	39	33	36	45	67	4	2	81
