N:	120
M:	2
L:	3
p1j:	11	20	80	39	41	25	37	65	39	27	17	40	2	22	56	50	7	77	96	58	66	46	46	68	53	7	16	10	17	21	36	37	35	49	74	84	95	61	11	10	41	73	47	48	39	14	75	22	33	68	24	64	96	34	42	75	20	42	45	10	44	5	29	96	22	28	41	33	16	25	34	5	26	92	70	16	98	68	22	10	89	72	7	93	36	63	67	27	94	49	15	98	27	90	93	99	94	13	50	32	26	90	89	53	89	66	49	21	43	41	21	56	17	22	34	63	45	2	65	65
p2j:	74	57	29	10	11	16	21	15	91	93	13	3	45	49	33	39	68	88	32	40	12	32	92	6	83	73	65	49	25	63	23	49	62	81	56	70	77	98	15	42	76	14	28	76	58	91	1	99	74	54	58	5	14	83	73	42	29	2	36	86	41	21	68	73	14	43	62	87	63	15	52	85	36	83	32	80	57	47	16	94	64	63	74	47	78	97	58	56	46	33	73	72	61	68	74	33	80	65	31	67	90	40	94	78	22	6	29	29	30	75	70	20	25	74	56	82	38	80	68	89
vl:	1.2	1	0.8
Conv_l:	1.23	1	0.63
IdleConv_i:	0.05	0.05
pi_i:	68	67
S1jk:
14	59	22	37	48	21	31	73	79	51	40	31	103	90	95	124	68	123	10	71	55	105	42	19	16	5	42	72	111	90	98	60	106	1	105	90	86	16	32	62	35	120	109	19	4	86	84	37	2	23	54	24	73	68	114	64	28	92	82	60	45	104	31	58	123	62	94	76	111	120	83	9	23	99	58	98	38	39	90	33	12	85	11	65	108	33	114	125	87	54	48	125	3	24	119	30	101	52	67	35	114	10	47	60	7	89	54	37	8	84	81	70	44	92	72	77	50	103	119	6
96	119	49	33	73	124	9	46	65	29	99	36	52	64	65	72	81	62	112	96	3	100	8	92	96	53	78	48	41	56	7	79	55	41	83	52	34	49	29	8	17	5	78	108	51	43	45	90	9	115	80	62	46	58	21	76	47	71	53	104	63	102	101	92	119	81	100	82	48	84	36	44	104	22	28	78	86	62	4	4	43	80	30	26	79	102	97	109	98	74	5	57	93	108	104	81	72	118	37	107	96	86	114	34	87	87	110	118	21	43	69	94	34	50	15	30	71	73	58	40
6	54	68	88	33	84	63	13	35	68	22	96	79	87	5	49	38	100	23	87	99	112	99	22	87	15	88	40	83	58	45	97	88	104	29	111	53	62	53	61	103	27	60	114	123	18	99	71	105	34	64	38	54	56	94	79	119	10	76	43	104	57	116	37	26	28	121	5	116	61	84	17	120	9	97	80	70	59	119	102	56	108	27	105	56	49	121	94	47	79	2	92	88	100	35	93	124	114	81	10	30	70	28	76	27	34	13	61	104	3	83	57	78	82	79	39	57	83	53	69
116	44	44	110	12	26	28	58	59	106	60	23	63	111	34	96	113	23	74	106	83	119	26	76	96	34	15	102	12	49	120	79	112	38	112	19	95	11	88	90	99	84	5	82	18	106	12	105	28	114	120	67	2	18	98	107	52	81	102	97	6	105	93	26	30	7	76	8	124	121	64	113	15	66	8	18	114	28	111	23	115	59	9	112	74	12	4	114	30	38	53	120	124	92	67	30	30	88	117	9	41	105	47	41	102	47	30	54	86	7	103	17	75	92	81	115	103	79	2	120
80	111	53	20	41	54	34	47	5	34	62	40	46	12	33	33	2	13	10	24	87	10	35	49	113	25	90	73	65	108	16	79	88	60	106	63	19	85	61	86	87	53	110	53	23	29	55	48	87	30	21	113	71	69	38	17	5	114	86	27	12	8	78	53	82	122	61	84	100	14	82	68	29	50	80	35	63	64	33	56	56	11	103	70	121	104	6	9	122	104	83	43	120	76	123	107	74	42	111	24	37	75	86	53	124	122	40	38	54	41	75	5	52	70	107	9	32	74	98	54
95	76	125	30	103	52	69	108	108	55	74	38	82	53	61	78	100	61	97	104	16	52	42	50	63	8	104	124	115	63	63	87	105	1	76	17	84	96	20	95	5	9	94	10	90	9	50	38	112	100	108	42	17	16	27	11	51	5	47	73	66	105	69	26	55	53	78	48	40	109	28	63	85	43	34	91	91	60	122	5	110	105	97	62	60	111	121	59	74	48	32	49	64	124	59	23	38	98	71	12	37	13	33	121	63	22	71	11	111	76	42	23	70	15	70	58	62	11	24	3
43	5	34	71	67	69	120	70	110	85	27	108	37	1	12	30	53	85	73	99	121	59	10	38	70	89	5	62	88	60	9	4	66	99	3	75	5	50	100	113	42	76	7	21	71	105	24	10	41	94	72	45	25	37	96	73	14	44	119	122	50	48	85	90	102	112	93	100	6	47	56	102	5	115	55	101	45	81	63	61	45	33	105	66	30	45	91	78	51	92	73	116	16	36	9	68	64	73	96	120	34	79	54	46	58	38	13	2	9	3	48	105	21	21	71	50	88	109	47	56
14	39	47	46	83	108	91	30	89	42	30	47	59	5	34	41	118	40	63	15	95	12	83	53	106	21	4	46	100	64	112	5	103	34	79	51	53	17	40	73	44	37	62	20	99	51	75	38	16	10	58	90	48	19	52	116	119	16	112	26	41	11	55	65	119	116	9	124	36	69	29	48	104	13	82	24	40	12	47	42	101	65	67	39	8	110	124	108	117	86	17	78	57	51	67	106	29	10	70	45	6	80	42	116	49	57	43	94	106	11	40	84	28	40	84	47	77	102	70	73
47	79	105	93	78	6	73	66	5	102	82	122	28	49	33	38	5	68	51	50	11	80	77	62	23	11	110	71	68	73	116	113	74	20	67	66	121	33	32	5	12	2	71	81	39	38	61	94	89	40	82	9	6	19	14	46	14	77	101	89	39	82	68	94	65	11	94	34	63	49	33	45	104	6	82	32	9	120	116	46	4	44	69	50	26	77	37	118	40	42	33	116	79	61	42	26	55	24	45	91	104	3	66	49	37	102	76	49	5	122	120	30	87	26	76	26	91	5	46	72
117	48	119	72	23	46	92	78	51	15	51	113	33	52	112	60	111	82	2	70	16	111	57	84	63	38	88	50	53	88	111	83	96	77	33	106	60	80	86	18	115	74	93	93	47	57	47	34	107	113	118	64	113	105	51	71	95	4	13	27	80	85	63	9	118	48	77	124	124	35	20	113	54	29	79	74	98	104	39	9	67	76	86	101	7	2	97	5	64	38	43	64	18	48	68	35	53	7	94	45	30	81	37	104	26	88	40	52	31	97	106	104	68	43	35	57	90	112	103	86
65	33	53	55	7	75	75	37	117	106	54	51	60	80	97	73	71	13	69	112	73	89	118	65	100	5	90	122	19	56	46	20	46	117	60	2	67	95	119	41	4	59	13	35	101	38	29	60	59	43	49	26	19	52	33	108	81	90	23	45	79	47	103	119	8	113	112	73	50	17	75	80	88	78	5	117	46	11	84	97	97	5	107	13	83	100	2	62	36	32	65	102	13	48	40	55	117	98	87	78	78	80	3	73	49	88	67	17	22	117	19	117	21	43	102	12	103	6	97	15
38	101	81	125	121	48	84	86	88	112	52	21	45	44	102	26	39	93	87	98	33	3	76	26	75	40	79	79	74	87	62	32	117	55	119	28	120	50	102	44	84	114	22	122	80	117	89	113	125	114	66	86	1	41	51	69	4	65	35	73	86	15	102	29	72	77	103	61	117	14	12	22	62	65	106	72	55	33	116	4	8	32	7	14	66	58	41	117	34	96	17	116	79	16	53	5	92	107	23	29	75	18	46	35	65	96	121	11	92	13	106	114	32	55	75	71	64	34	78	49
32	98	116	88	83	100	95	96	71	33	89	66	118	125	58	43	107	76	95	77	60	5	2	102	61	11	67	85	55	6	54	50	107	51	8	66	76	16	8	69	17	44	91	92	20	46	85	56	87	71	41	100	3	65	26	47	79	119	97	56	102	117	77	11	52	18	100	20	15	17	4	32	98	37	10	11	120	44	33	31	69	112	111	117	94	57	39	78	94	92	3	119	55	61	117	53	98	42	94	1	112	14	110	89	41	32	112	67	5	55	124	12	15	84	124	59	122	52	116	62
100	58	65	79	10	24	79	103	120	10	19	88	83	58	77	55	15	31	2	44	107	109	1	88	69	98	14	57	20	64	75	92	80	48	67	53	60	62	106	103	83	92	105	31	57	66	79	42	53	60	83	8	49	62	33	94	31	10	43	65	117	76	81	50	63	62	82	118	30	118	61	27	15	6	91	44	57	23	66	121	16	61	30	50	8	10	16	121	50	50	76	26	52	98	119	52	68	36	61	113	24	56	62	34	19	40	57	104	120	27	26	28	96	116	38	30	50	57	71	67
38	107	124	45	107	8	120	124	117	27	62	98	8	27	89	90	102	4	92	115	106	68	83	78	5	2	40	95	109	112	2	69	96	110	61	125	7	82	102	112	78	88	105	115	13	60	94	38	89	23	101	104	124	72	102	100	120	14	9	66	28	98	69	16	2	35	29	59	26	106	102	106	23	94	121	92	124	28	28	114	125	42	71	92	23	81	10	68	10	124	104	19	96	110	20	5	67	57	76	103	94	93	38	40	68	1	91	90	25	95	23	95	59	20	117	6	32	57	124	92
60	56	92	15	37	24	28	9	110	89	78	101	115	111	25	7	43	105	63	117	75	64	52	21	103	94	99	33	97	121	41	110	93	122	25	4	47	93	53	34	7	108	8	17	37	60	114	42	24	16	104	6	31	64	34	103	18	34	100	25	105	61	121	55	50	93	42	88	60	108	89	70	120	79	114	80	34	76	117	87	85	42	12	47	80	75	2	31	123	70	83	88	18	96	60	9	111	66	88	122	98	88	100	49	16	46	103	96	101	85	47	89	110	30	81	86	68	81	43	60
84	42	115	119	51	2	121	123	11	65	79	114	80	122	44	81	68	34	25	96	4	97	5	76	105	12	58	25	38	26	53	74	34	123	92	55	45	85	19	19	46	68	51	11	72	63	123	38	9	40	31	14	102	70	83	79	103	108	85	14	92	9	25	95	108	61	101	8	10	101	116	23	119	24	55	36	82	75	123	122	45	117	64	11	89	78	99	89	83	10	94	31	50	88	63	87	118	101	120	67	74	57	45	29	103	88	36	37	47	38	39	17	76	70	73	120	73	13	95	123
22	112	46	109	35	91	24	8	105	45	31	84	115	32	84	46	26	108	82	26	93	14	99	70	77	11	91	43	84	47	29	11	13	93	68	124	62	11	113	79	119	55	78	100	92	36	22	27	21	116	17	76	50	38	23	35	49	80	117	101	24	31	40	102	104	11	78	82	80	120	106	79	122	101	17	87	84	30	108	63	50	83	108	73	8	107	45	31	100	71	91	13	65	19	37	44	87	111	29	36	8	37	36	123	75	115	123	25	19	123	27	26	75	55	84	110	38	109	10	121
35	70	69	113	96	4	89	50	38	22	32	109	97	55	100	87	122	85	93	84	9	7	3	114	89	55	85	70	54	78	85	21	57	45	36	78	119	39	122	29	85	19	19	120	30	101	6	106	24	11	18	120	42	32	109	4	43	81	72	90	21	2	28	87	124	119	116	33	3	124	53	27	107	29	11	97	105	49	45	64	121	124	69	81	75	108	2	1	104	122	95	91	30	4	64	4	90	105	23	41	78	18	30	59	85	30	96	45	31	28	122	39	28	91	32	46	121	92	113	82
103	92	33	81	11	38	73	52	42	65	29	93	56	86	45	34	29	70	85	9	33	80	38	95	47	29	122	58	7	12	53	50	6	45	54	29	58	47	79	103	83	53	90	77	39	40	9	65	57	6	29	113	77	40	9	80	16	108	28	102	91	23	64	125	123	85	41	117	86	114	52	55	66	58	64	72	114	84	120	50	15	45	16	90	95	29	2	62	78	11	23	16	66	93	3	54	23	75	21	110	123	13	40	43	11	20	121	48	27	50	100	71	76	81	97	74	36	44	16	72
92	2	2	121	34	18	54	88	28	81	31	81	29	118	92	70	73	53	5	1	49	109	86	112	30	53	104	99	13	118	16	41	58	11	122	40	101	3	18	34	71	9	3	50	51	58	48	10	119	20	32	5	16	13	115	109	20	24	46	63	121	96	111	76	119	116	23	95	35	26	54	85	54	11	16	110	64	33	19	98	61	87	52	73	71	22	62	82	67	35	61	27	44	59	29	101	21	92	96	34	12	110	61	49	87	72	42	4	42	63	119	16	52	70	73	59	60	66	50	26
109	106	27	114	75	95	86	41	22	66	101	14	96	99	114	15	47	105	67	82	122	58	33	53	5	58	73	14	117	22	62	34	123	8	68	71	43	108	36	64	71	59	10	20	75	81	46	62	6	37	67	62	84	24	112	82	38	72	7	41	68	118	91	73	98	48	44	63	72	26	34	31	38	26	22	111	99	101	59	88	65	15	22	40	113	19	5	34	8	75	86	85	3	105	59	118	64	47	63	5	62	12	8	69	73	23	81	115	98	80	15	22	119	75	58	78	80	40	51	33
28	54	117	8	87	50	43	92	44	61	9	99	27	46	12	5	102	101	116	14	21	93	56	70	81	121	34	47	50	50	43	38	80	32	24	30	36	79	34	61	25	71	107	60	38	39	32	59	89	79	27	63	121	84	22	72	79	46	28	20	83	74	36	41	119	5	106	90	48	115	119	109	28	39	47	48	52	1	40	48	60	14	74	23	50	125	88	125	111	4	85	36	110	70	119	37	78	37	123	27	91	61	46	24	56	81	97	82	91	54	40	66	33	51	25	94	123	3	67	53
2	69	14	5	118	38	25	101	29	38	118	79	125	74	78	98	52	98	124	39	60	14	116	50	98	2	32	76	52	81	93	74	41	104	116	123	101	29	56	120	35	2	120	41	124	17	23	123	115	57	38	115	65	22	13	41	37	50	111	60	67	89	9	78	28	41	49	116	28	65	4	91	2	2	78	122	11	84	105	55	115	96	43	9	37	120	115	62	28	116	123	62	67	71	57	61	82	105	41	124	95	109	122	28	121	72	63	75	71	30	107	28	74	121	110	116	120	47	87	61
103	37	106	74	53	68	86	72	49	20	116	107	61	99	109	37	111	20	77	83	125	113	48	95	120	116	73	10	58	62	36	78	121	39	70	114	117	15	96	33	40	94	9	1	6	106	61	62	38	47	86	57	85	54	21	92	80	5	106	13	120	48	81	55	80	66	24	26	24	118	35	54	87	80	119	48	5	19	79	65	77	25	32	62	94	4	17	68	20	94	84	51	34	52	102	16	120	116	116	1	9	68	114	86	40	36	85	125	101	10	100	35	20	44	68	13	56	88	23	111
78	32	123	23	9	103	48	29	62	5	72	37	5	47	5	31	26	29	115	41	114	30	28	6	18	64	14	32	37	62	13	4	27	103	94	63	50	53	75	34	113	68	27	39	103	88	10	63	69	82	30	76	52	48	77	76	58	32	40	24	57	112	70	40	94	42	106	45	96	106	59	69	86	61	123	63	111	6	26	85	35	74	61	35	125	21	109	53	90	53	40	58	105	30	123	40	34	72	12	76	25	6	42	9	114	58	104	60	13	43	2	51	51	18	61	85	27	77	107	47
75	10	21	54	37	102	111	90	77	102	119	118	96	78	101	37	101	15	121	26	29	12	31	38	47	104	68	23	78	31	43	65	100	80	12	86	31	26	27	31	95	59	22	23	18	99	121	58	82	120	33	123	93	46	35	33	74	118	73	7	47	18	70	101	91	92	8	44	16	121	77	72	97	62	84	2	84	72	36	56	21	26	83	47	64	77	87	55	82	25	16	29	105	67	65	62	10	20	8	35	40	5	3	43	98	81	73	82	103	30	88	73	120	73	6	93	110	80	4	105
8	39	97	18	103	119	41	92	15	101	29	91	74	64	70	9	105	26	71	73	110	50	105	59	16	68	71	15	95	87	20	87	48	72	2	81	118	84	85	75	44	53	64	125	97	4	121	57	84	110	106	119	49	48	29	3	9	66	43	67	80	33	56	62	62	74	70	47	21	55	33	49	85	106	84	10	60	52	65	96	25	101	22	8	116	101	29	31	35	28	86	122	109	26	79	111	82	95	38	110	42	71	102	17	121	21	105	3	21	109	26	60	110	124	38	2	117	72	115	121
92	34	35	40	110	108	78	3	99	62	83	57	83	117	56	53	119	6	11	88	23	60	112	27	22	17	86	62	92	75	100	70	78	46	47	2	7	125	81	119	73	5	64	113	10	117	107	77	54	74	25	17	8	31	47	87	58	103	106	102	124	111	52	88	21	106	117	104	108	77	6	86	73	60	110	95	40	87	20	54	8	59	18	97	33	7	9	107	112	85	69	65	107	77	52	94	99	60	13	24	14	40	62	31	22	69	18	112	112	44	9	36	24	21	2	18	44	124	74	116
89	33	65	125	99	108	109	17	53	88	112	8	20	114	79	26	102	10	85	91	18	25	125	37	91	4	120	7	30	85	94	58	104	76	74	33	80	6	112	117	23	99	103	7	59	90	78	110	2	112	68	45	74	120	124	25	40	51	92	113	57	67	19	53	118	96	97	54	29	96	66	53	42	46	96	34	121	49	51	6	70	125	61	42	119	38	3	113	51	57	75	71	86	109	41	5	4	104	101	76	100	77	99	72	22	14	96	55	11	90	57	67	24	76	106	19	123	16	64	116
51	48	111	118	113	36	59	52	87	55	104	41	29	21	117	22	75	8	32	6	53	114	41	22	69	94	83	108	26	53	62	5	88	16	24	27	123	17	106	15	79	84	48	20	108	85	121	7	97	64	53	76	115	45	22	5	96	24	112	85	22	10	72	19	111	46	37	46	27	84	99	121	46	90	110	103	55	75	113	48	118	7	121	54	25	41	121	32	65	68	117	90	10	58	109	116	8	32	104	82	49	48	46	99	42	29	107	20	34	85	63	112	55	119	32	3	99	65	25	26
79	99	69	2	74	94	121	117	12	86	80	98	54	83	42	26	90	23	67	109	62	56	61	69	88	101	18	72	60	87	112	74	54	55	46	85	69	47	94	120	12	81	54	73	98	38	28	20	124	23	23	82	6	65	12	26	71	47	54	45	71	75	45	122	117	31	39	34	121	27	46	55	86	64	41	81	86	9	101	31	69	22	24	62	64	65	62	124	118	29	56	98	107	10	88	89	106	62	108	81	66	125	81	49	78	86	67	117	103	112	11	4	28	47	57	92	10	46	37	88
85	38	31	19	42	62	58	82	17	69	119	60	98	77	57	68	83	77	115	41	119	102	118	43	16	109	66	42	77	28	87	46	77	42	28	14	48	62	82	94	33	40	5	30	18	33	66	94	71	23	104	36	118	51	60	101	15	15	68	102	48	41	103	65	72	99	2	65	2	92	71	35	92	125	42	49	26	46	59	60	83	96	5	35	33	22	17	118	94	111	98	98	37	22	77	113	82	92	92	73	107	26	89	64	6	48	15	6	52	98	8	39	66	110	78	17	90	89	97	25
100	3	86	15	57	124	40	26	11	93	123	69	57	16	86	122	10	47	33	34	72	85	51	108	6	75	21	63	18	13	6	121	84	112	49	83	20	119	16	113	73	111	38	69	42	83	11	51	69	29	64	76	72	118	4	12	116	117	109	60	6	77	6	100	36	104	125	111	9	5	82	92	116	67	95	57	99	87	44	88	120	119	35	114	30	106	18	118	23	35	117	92	36	66	122	111	123	3	25	30	95	48	90	43	25	21	95	57	50	64	89	87	21	13	106	114	60	24	15	8
74	16	59	28	50	113	40	119	33	90	68	105	70	90	57	111	107	61	13	26	20	3	9	25	97	40	105	78	57	77	56	63	62	120	113	104	5	15	31	72	102	52	62	51	2	84	36	91	50	72	48	88	9	83	9	88	23	12	8	14	22	105	11	107	87	67	2	13	75	72	22	92	27	27	93	15	90	113	115	98	115	66	99	122	118	101	92	32	96	77	82	16	77	116	81	42	104	4	104	30	87	118	14	111	63	54	18	94	53	62	100	8	13	94	110	73	86	70	26	80
64	42	109	117	7	75	61	108	10	5	116	34	12	90	102	71	37	55	19	100	86	64	33	82	102	29	103	94	95	3	15	42	113	2	46	23	80	7	41	35	13	107	105	79	64	39	49	62	14	109	48	110	30	48	79	4	77	49	5	93	25	93	122	17	105	63	118	41	36	82	97	17	121	59	120	64	43	88	20	12	38	97	107	61	52	47	22	90	76	40	68	58	68	102	122	64	89	77	79	105	23	89	105	77	73	31	91	87	21	1	27	111	114	46	42	49	46	24	87	83
55	16	81	60	118	59	7	90	105	111	6	41	76	115	29	21	2	108	41	47	25	43	114	62	30	14	104	115	70	77	51	54	112	44	44	95	21	21	23	74	66	56	34	68	118	63	87	61	31	109	31	105	104	94	8	9	27	5	16	101	27	7	98	44	69	85	49	68	1	44	68	20	117	27	83	23	41	85	34	8	78	124	108	103	27	10	14	120	85	21	4	10	88	8	108	14	18	121	82	100	103	22	123	39	123	124	19	75	35	72	48	1	6	104	49	30	27	7	25	109
122	114	50	26	46	107	36	102	5	84	79	4	8	101	71	94	56	119	54	108	74	51	4	36	83	13	89	20	18	25	12	106	40	93	58	75	57	104	19	38	95	73	34	43	118	7	69	46	2	78	101	123	108	13	44	119	71	59	19	13	50	21	66	74	93	14	120	96	76	57	81	45	83	42	84	11	18	74	109	22	16	120	106	46	102	65	19	13	5	53	68	116	1	71	69	108	56	24	34	61	45	55	8	9	25	84	112	56	56	100	43	76	74	33	69	92	95	68	117	91
37	39	17	36	115	109	83	24	25	38	62	29	60	98	125	86	38	2	66	61	52	8	83	50	58	34	61	35	33	16	71	101	72	93	9	12	89	35	58	22	69	56	119	114	74	19	99	65	120	40	97	94	23	90	91	118	25	120	15	56	81	52	42	58	56	16	38	42	46	8	16	20	69	21	52	28	20	27	35	125	105	8	83	22	45	35	5	13	101	49	47	109	90	59	60	13	69	88	64	17	29	100	41	65	89	8	106	51	101	6	90	4	103	21	6	110	62	79	101	79
52	4	21	25	26	22	89	30	5	7	55	101	51	58	79	112	86	28	20	63	118	13	4	116	75	58	64	18	10	80	61	58	51	97	87	61	8	65	58	86	83	77	70	38	70	68	76	12	86	8	54	105	67	113	87	92	36	58	22	11	12	43	87	78	12	83	115	16	46	30	45	76	64	92	108	19	48	54	65	72	89	30	122	33	81	46	2	13	93	69	73	100	16	20	40	26	76	35	39	107	4	29	99	19	51	4	117	58	122	24	64	14	39	122	28	84	59	110	87	84
70	93	59	74	116	69	30	45	108	114	74	40	34	44	33	3	33	98	96	6	106	116	66	61	46	76	29	5	120	55	123	67	113	72	112	89	86	102	65	120	62	119	90	110	70	91	75	94	86	103	27	59	94	53	6	40	27	73	103	95	84	61	103	108	43	5	76	54	67	89	104	114	25	80	111	60	98	76	27	49	120	33	65	78	99	49	19	18	102	80	64	2	34	66	25	72	57	78	70	47	93	115	61	13	2	24	112	108	74	91	98	17	46	32	80	11	45	16	40	18
102	5	52	56	10	24	11	28	55	8	117	15	112	98	108	45	42	9	50	120	4	2	22	113	3	25	30	19	54	60	1	11	40	25	80	123	24	28	79	122	124	104	44	14	77	46	7	58	90	112	83	1	92	53	107	119	66	90	94	84	88	24	7	64	115	119	56	17	105	32	50	74	100	51	29	72	66	98	6	103	35	29	83	68	53	26	106	78	10	64	60	73	40	54	121	89	28	59	118	9	29	40	4	48	9	43	9	109	42	80	41	78	11	95	123	82	9	103	35	65
80	123	110	29	79	89	14	7	14	18	25	111	84	7	103	22	62	93	69	28	68	49	43	121	121	24	26	60	57	110	86	57	81	6	22	18	55	19	34	47	107	42	107	69	47	102	33	48	74	96	81	86	4	32	27	106	100	63	6	12	53	81	4	51	55	107	109	26	112	27	119	44	88	40	9	55	72	13	14	10	30	17	51	20	65	70	58	17	51	22	109	61	83	51	9	72	125	9	53	113	85	14	68	51	121	62	92	63	56	40	80	34	38	8	10	29	105	118	16	97
95	121	8	6	124	25	60	91	123	80	52	23	57	36	3	7	4	86	17	25	75	53	6	57	75	30	20	48	98	13	97	83	15	3	87	39	33	63	125	76	80	95	59	120	6	58	49	103	72	49	86	4	115	87	105	99	100	91	18	117	93	16	124	95	91	116	21	84	48	117	100	84	50	121	19	48	60	69	104	67	31	50	48	39	88	114	61	45	116	48	108	107	6	29	34	105	42	120	10	114	69	111	15	111	51	118	65	101	64	24	105	2	100	103	2	15	8	110	27	9
98	108	51	7	4	100	37	84	83	96	11	59	5	36	123	24	85	108	62	98	95	10	75	84	52	45	24	114	67	102	4	26	61	98	5	4	6	42	112	23	119	73	96	43	33	78	56	83	111	20	15	81	55	54	59	36	44	91	112	106	87	116	101	69	78	71	87	61	113	124	63	64	65	22	20	61	24	24	62	20	124	80	35	103	119	64	123	84	48	117	118	29	55	91	40	55	3	67	18	76	4	5	119	31	112	16	96	37	109	89	18	111	122	2	36	32	19	45	60	79
108	104	73	26	79	124	40	2	121	3	65	49	56	120	21	48	93	19	54	11	77	81	88	115	26	16	110	7	71	105	51	65	68	72	95	17	104	78	41	116	117	3	49	48	101	44	46	92	34	123	122	70	89	33	45	11	96	122	45	14	42	64	7	92	47	9	86	74	68	87	100	32	118	82	121	76	119	10	25	68	91	112	42	78	111	73	9	101	67	110	41	7	76	62	26	80	60	58	99	122	4	37	31	100	32	122	16	123	42	12	76	61	26	92	67	33	24	50	3	124
61	73	99	69	90	109	55	25	42	76	8	117	38	12	101	121	104	35	63	47	124	100	24	70	99	71	81	123	123	39	96	13	112	110	6	55	103	54	48	104	78	5	22	119	59	80	4	99	76	79	121	116	71	65	113	117	84	43	33	30	120	123	21	15	58	105	81	55	111	37	26	43	42	50	76	98	4	59	12	16	40	81	113	98	57	41	48	61	2	94	113	70	96	105	106	75	104	18	30	42	32	1	122	78	3	32	107	110	36	79	113	73	125	47	77	62	77	56	122	108
116	103	108	63	37	70	112	125	7	27	123	20	104	91	21	111	48	27	114	105	86	32	89	54	73	111	97	100	97	21	119	95	80	76	60	51	107	41	39	49	8	81	101	80	55	110	47	120	56	113	62	15	32	60	24	58	119	75	115	109	123	25	105	23	74	36	108	121	97	98	31	32	105	105	114	45	31	90	9	58	109	99	105	11	12	82	53	40	54	118	54	38	100	99	104	2	67	104	120	10	113	104	39	81	56	35	52	91	113	52	88	87	27	82	39	18	94	70	70	6
25	11	21	101	43	108	21	12	61	116	32	3	3	116	32	77	43	112	106	125	73	23	29	111	52	13	109	123	51	16	9	44	111	113	25	107	1	87	22	116	66	123	124	46	42	95	97	66	120	85	39	94	87	95	125	122	13	118	53	103	37	73	121	49	67	92	108	108	99	74	58	95	50	108	67	73	15	33	72	39	75	101	76	78	67	42	89	87	86	37	113	79	24	28	60	91	44	52	44	104	81	89	41	106	59	115	92	33	66	17	7	49	42	2	11	29	14	14	41	60
63	87	37	117	18	92	65	50	10	1	45	22	115	81	113	108	48	106	47	47	38	41	92	70	85	13	51	8	96	75	5	9	109	108	12	3	37	19	68	82	104	24	60	82	17	89	36	108	30	100	70	114	39	111	80	104	3	43	91	38	50	24	107	88	90	48	101	30	63	25	121	12	25	89	49	52	109	68	21	109	21	54	38	29	111	34	63	70	35	107	56	108	124	53	94	81	21	121	60	60	103	25	9	121	85	98	56	20	40	54	45	101	78	48	51	41	105	105	65	75
57	73	118	30	79	105	119	114	21	13	29	68	39	8	80	122	57	104	120	77	81	87	38	94	93	72	48	77	123	93	34	123	123	112	14	51	120	48	52	19	125	90	83	45	55	116	40	28	89	17	45	118	100	89	17	28	12	110	92	65	68	26	22	79	115	104	102	44	39	14	51	65	122	34	76	107	124	79	30	62	89	85	24	95	49	40	3	125	4	105	82	25	6	89	4	43	54	72	86	11	91	39	106	42	39	108	120	96	93	84	40	102	41	57	79	117	117	48	70	102
100	9	50	54	24	22	73	44	4	102	102	122	102	123	44	75	64	78	56	21	38	84	8	6	71	46	37	33	111	62	102	32	24	97	62	74	24	76	98	61	20	42	16	120	115	120	21	13	37	21	16	108	83	37	63	115	51	47	86	82	59	62	67	10	16	121	100	87	94	82	123	82	25	76	39	39	73	41	32	22	86	59	45	105	102	93	117	11	65	30	4	105	104	42	108	13	4	25	10	98	5	12	28	94	81	20	53	114	46	1	8	48	50	76	96	61	52	65	38	5
87	91	112	111	54	70	86	54	44	31	44	8	93	40	61	34	28	91	61	73	112	122	113	78	113	110	107	17	13	50	83	60	113	47	54	67	44	94	115	39	101	79	31	14	33	57	60	96	66	89	62	56	16	91	110	95	14	44	122	124	61	116	51	16	63	119	76	90	79	13	23	109	117	35	121	53	110	82	9	81	23	9	39	83	47	122	34	92	96	67	85	109	16	2	63	101	15	99	100	101	40	24	112	17	89	101	102	96	95	50	100	114	64	8	58	73	81	75	2	113
46	33	23	100	92	109	105	9	34	75	105	79	9	101	84	33	47	26	73	21	32	100	91	39	109	61	4	110	92	101	97	72	82	107	124	88	43	64	98	57	15	77	41	18	124	79	33	72	22	74	54	80	33	41	80	29	106	25	6	66	84	97	48	7	44	105	113	7	68	19	13	52	73	37	17	101	53	77	99	58	113	50	41	117	87	10	86	65	57	62	69	106	116	32	93	51	20	107	17	40	32	51	42	28	19	17	71	47	37	115	99	90	12	17	108	11	39	51	81	107
2	37	17	38	22	7	92	83	95	94	7	120	105	110	4	34	94	68	41	107	92	111	95	42	56	104	93	98	110	25	85	104	68	102	88	11	56	98	119	120	121	104	41	17	21	24	77	41	93	6	89	68	52	89	49	80	37	82	18	45	112	51	67	82	90	113	20	55	92	9	49	73	48	3	79	10	68	87	85	77	69	60	7	57	55	35	10	120	69	92	116	40	102	14	95	47	57	54	76	1	67	14	100	4	29	96	10	99	41	121	101	39	71	93	43	85	33	116	4	38
82	1	51	6	13	73	59	37	50	13	40	37	26	65	95	49	44	103	88	64	76	6	6	85	52	115	97	115	3	92	14	9	33	123	117	108	39	68	3	66	113	70	96	112	46	8	3	46	53	37	18	105	20	9	68	44	109	62	30	104	122	105	16	39	68	53	42	80	88	91	26	9	18	114	62	8	2	12	95	59	8	26	38	74	30	81	115	34	86	57	46	60	89	120	26	28	82	99	76	1	61	43	80	61	33	47	7	3	16	53	86	98	77	91	102	84	77	58	106	12
2	117	23	108	29	47	111	92	11	81	11	102	48	47	99	59	28	48	19	91	107	23	66	10	4	73	25	107	52	111	74	57	91	44	102	98	48	35	52	88	98	101	117	90	88	88	95	57	119	99	10	68	3	106	59	80	13	45	71	111	73	7	10	82	74	60	124	115	124	54	50	2	3	111	17	110	19	14	23	29	70	94	81	94	30	123	27	115	30	96	49	95	85	49	57	23	19	121	55	42	51	18	125	25	5	101	118	47	112	84	122	26	22	71	119	31	80	62	100	125
72	33	28	97	69	49	70	3	95	38	27	98	118	76	24	107	111	119	91	112	47	94	46	15	45	87	119	91	16	42	3	99	71	40	118	76	47	68	96	32	74	58	39	103	16	62	38	78	19	123	6	84	66	25	7	28	110	23	69	54	110	27	64	54	41	77	20	11	115	34	77	39	34	101	47	100	83	47	68	75	78	115	22	29	99	20	67	5	33	61	111	100	105	65	94	19	90	119	57	26	34	117	102	31	23	2	12	66	18	53	54	70	120	86	103	30	61	105	32	88
74	65	68	8	64	27	84	78	39	49	8	29	123	122	32	61	116	60	123	76	66	39	27	6	23	26	37	47	51	49	125	77	45	27	98	26	58	94	70	32	86	43	101	51	107	124	15	13	119	83	4	33	121	30	97	93	111	65	113	9	48	2	122	88	119	38	17	90	17	38	54	76	123	71	101	78	33	48	65	74	54	100	58	80	123	83	117	47	108	16	111	62	71	82	61	111	121	113	29	94	12	93	68	61	51	44	48	88	88	40	43	109	104	4	107	39	29	99	76	105
62	65	57	105	85	8	5	48	74	105	9	104	61	24	91	114	98	112	1	70	119	9	112	5	38	43	114	112	106	69	119	29	125	5	105	120	44	32	33	16	122	16	60	50	11	82	80	101	89	84	98	67	83	47	14	87	58	109	35	119	41	5	85	95	42	88	5	38	98	57	101	48	39	102	117	124	89	66	105	26	51	79	39	75	70	68	93	96	81	100	98	69	48	48	10	52	51	111	90	53	78	49	28	11	33	27	63	123	43	113	31	92	110	2	43	94	94	30	84	68
45	64	5	43	5	79	50	26	123	100	84	41	78	60	51	22	3	58	59	20	44	54	104	33	77	68	108	100	78	117	100	29	58	58	78	8	81	125	93	17	19	118	26	60	75	117	73	122	86	81	32	119	23	25	57	77	33	2	122	49	24	30	65	58	17	54	42	98	104	11	69	68	89	24	16	77	35	72	122	58	16	20	25	75	85	43	26	101	84	13	57	119	84	37	12	80	76	70	3	67	104	92	22	21	105	114	104	84	57	110	114	52	57	38	19	31	47	52	80	15
79	112	46	21	17	91	79	63	107	121	2	52	56	120	100	72	123	38	23	89	19	91	40	63	35	55	64	95	62	120	8	86	125	24	47	120	113	111	102	91	50	57	69	106	10	113	80	2	107	2	70	89	93	4	98	67	102	75	106	104	106	50	124	28	34	30	89	71	55	32	21	14	67	80	116	50	101	1	26	14	58	102	4	94	44	13	24	7	1	68	92	7	105	71	20	4	71	80	12	38	74	62	78	114	74	30	111	27	71	119	38	120	38	29	20	79	104	13	55	43
21	70	56	104	66	115	122	97	91	7	20	105	10	36	97	10	102	105	35	43	58	37	52	121	72	24	101	11	13	88	116	10	106	120	59	98	82	116	99	105	83	63	81	123	121	72	60	69	5	44	27	69	116	122	5	51	6	33	109	32	29	114	15	111	63	40	14	55	57	40	45	21	81	31	98	98	93	120	96	105	46	112	98	71	20	106	42	52	121	42	52	48	113	32	103	120	2	113	119	22	75	17	73	26	70	85	54	27	7	52	52	15	95	44	78	51	117	100	84	110
89	82	72	105	60	7	36	44	21	46	100	7	49	27	19	63	43	39	51	73	83	7	43	62	39	9	108	80	14	28	12	66	89	116	47	73	28	97	19	6	21	115	60	80	116	39	16	67	72	51	103	86	58	112	7	42	101	107	40	99	19	45	99	66	121	86	14	20	77	40	103	77	8	48	73	82	109	4	91	56	51	31	87	49	47	19	107	93	114	115	104	60	101	55	84	89	38	35	68	68	76	4	9	71	60	103	106	90	79	102	120	79	19	34	114	9	44	96	7	87
21	118	103	81	79	33	122	114	116	5	44	70	5	62	119	29	27	2	81	82	108	33	38	44	110	88	49	38	84	122	89	80	102	51	34	73	17	19	115	67	105	83	35	8	69	45	70	46	2	9	100	32	70	85	46	68	75	17	79	74	118	93	75	66	29	123	110	7	122	122	66	61	70	5	33	83	79	35	58	66	97	59	120	66	19	25	29	68	55	2	6	71	113	12	79	82	44	57	86	72	64	84	62	71	81	66	10	51	124	22	88	42	3	49	67	9	6	46	73	91
65	31	91	121	77	66	20	102	110	29	123	34	96	93	38	117	14	67	12	60	8	42	61	83	41	83	35	60	11	46	120	125	120	103	114	2	23	10	110	99	49	107	51	101	72	67	118	111	114	86	66	56	115	33	36	79	56	89	18	20	85	91	123	55	83	29	116	65	124	87	9	119	115	58	109	10	66	100	70	75	24	32	112	62	62	48	93	48	18	63	103	41	38	51	95	112	63	88	48	38	32	6	104	20	121	88	66	60	111	84	79	76	57	62	64	58	68	84	24	118
57	124	55	6	99	38	79	66	17	78	104	72	53	40	78	86	7	6	17	119	58	49	56	69	18	28	79	43	104	32	66	123	41	45	96	111	119	54	37	93	80	46	107	98	73	51	120	41	78	15	79	48	84	111	109	52	62	13	69	76	91	14	33	71	84	45	16	8	11	82	70	37	39	84	72	29	86	71	105	97	79	73	91	79	114	4	34	60	36	81	4	90	46	85	113	2	10	47	116	41	106	87	9	121	68	79	78	97	84	18	3	33	44	106	60	74	91	124	87	61
72	38	52	100	52	31	71	44	112	40	96	37	76	9	8	121	82	82	50	105	50	60	95	48	116	14	113	116	10	53	12	69	87	87	87	103	22	117	21	98	14	81	40	121	21	22	89	103	62	46	78	38	95	102	58	76	58	97	26	84	55	120	36	45	57	5	46	30	112	82	109	6	53	64	20	96	74	102	81	58	52	46	33	78	45	34	14	30	9	82	39	41	61	63	12	4	80	66	89	75	78	25	114	38	53	116	61	36	2	72	107	33	17	119	10	90	105	110	119	70
73	5	6	7	32	7	47	13	125	15	55	19	32	10	107	25	66	122	5	18	102	54	122	67	65	117	67	11	4	88	77	122	5	117	65	90	61	83	51	19	76	1	71	70	77	86	122	38	20	101	20	82	59	78	29	112	114	29	112	20	35	28	109	84	121	119	117	35	40	104	122	106	64	58	83	125	5	47	82	76	62	110	123	125	119	51	9	2	93	90	99	48	59	35	14	47	111	67	42	2	83	89	46	41	89	56	58	10	54	75	47	106	125	23	109	15	53	98	114	6
7	48	3	59	122	57	103	98	90	36	13	83	53	51	51	78	24	106	55	110	2	30	42	124	36	13	41	72	124	66	63	103	10	119	81	109	23	18	23	61	121	90	95	43	101	53	35	48	101	11	4	99	38	99	22	118	42	15	61	11	92	8	111	15	35	86	112	20	9	83	49	116	15	105	98	110	71	81	73	82	92	60	74	45	99	118	7	41	31	10	17	112	85	90	55	1	75	75	11	23	85	76	10	21	12	64	16	57	74	80	97	104	51	85	110	11	34	44	116	112
87	3	121	100	1	40	59	115	15	88	45	49	100	96	123	111	3	40	111	107	115	3	109	34	77	101	26	36	33	29	124	39	79	76	62	57	76	117	5	55	94	109	14	56	16	87	116	7	34	115	48	101	124	100	112	98	63	123	75	14	102	25	13	44	15	107	56	83	51	113	86	35	84	101	50	11	68	6	48	31	77	53	90	83	35	51	20	106	27	119	46	119	87	7	103	20	46	40	18	9	104	59	99	5	8	20	60	123	44	121	79	28	78	79	82	20	38	115	78	57
33	110	71	27	79	82	98	53	111	100	48	23	121	82	26	20	42	40	102	52	13	109	63	95	114	33	104	68	4	86	116	79	69	15	34	8	71	79	44	56	65	47	116	91	36	1	96	49	104	67	67	60	30	8	63	16	81	93	35	97	14	122	54	115	93	50	102	119	86	41	30	101	5	43	77	114	18	102	88	41	92	44	60	10	107	93	93	75	5	5	16	56	27	81	47	55	72	121	119	5	86	105	70	39	51	124	35	3	104	109	117	22	72	100	52	23	110	1	107	48
48	119	77	118	99	22	51	68	46	72	115	46	67	103	32	89	108	80	13	85	49	21	86	50	46	90	118	29	2	82	112	30	20	21	69	13	23	113	24	76	118	88	3	46	89	104	14	104	21	112	87	31	96	78	91	13	6	77	79	76	99	85	72	110	39	16	116	59	79	1	68	88	27	80	36	11	69	72	28	110	51	18	103	38	4	71	38	78	39	111	78	56	3	123	81	58	59	103	78	111	56	34	31	120	17	109	59	114	109	41	35	11	34	34	120	119	79	41	107	9
99	58	103	89	96	13	118	95	50	81	43	27	49	121	87	52	23	103	42	109	49	64	124	92	47	32	42	19	20	109	52	114	125	114	75	97	6	95	70	31	46	59	84	60	124	65	99	96	26	86	125	104	89	12	107	112	101	121	49	51	22	110	54	98	24	72	40	91	24	39	33	74	41	47	124	111	12	13	8	6	93	25	37	69	96	58	89	125	53	6	110	90	94	57	93	74	83	86	88	75	124	9	78	69	12	89	61	49	87	62	99	15	53	103	70	55	110	54	62	43
111	101	56	58	64	91	15	19	63	42	47	65	86	53	56	103	103	20	101	63	69	85	115	118	25	54	2	120	25	73	44	3	22	36	104	85	50	58	59	36	43	14	69	29	13	84	55	48	44	104	94	80	71	101	108	79	105	44	72	74	112	76	53	31	42	44	10	121	40	52	88	116	89	75	76	27	54	30	85	82	49	77	12	123	34	92	118	56	99	94	80	71	60	119	69	93	18	75	75	75	88	119	97	76	15	84	55	103	33	2	108	59	13	22	122	28	91	77	28	40
44	12	45	63	89	30	16	29	42	86	29	96	52	46	24	120	100	104	71	6	34	93	20	1	63	30	27	20	5	14	85	69	68	17	63	5	108	90	48	102	82	5	8	120	33	91	61	1	52	66	34	62	58	66	72	81	93	80	53	22	34	39	114	48	110	57	34	99	106	88	12	20	64	84	107	119	11	74	73	113	21	64	26	94	16	102	93	11	2	34	25	17	95	35	111	94	42	38	78	82	60	120	2	91	87	36	113	9	29	38	101	29	22	25	88	76	33	26	68	27
33	60	107	18	100	6	87	100	82	40	95	88	111	60	16	27	19	48	82	17	89	6	34	59	47	113	100	66	107	63	22	110	8	47	9	99	107	106	41	61	67	45	65	76	101	12	10	28	62	79	43	11	68	114	75	27	31	69	111	10	99	68	119	1	49	20	118	41	47	18	116	30	11	4	28	51	5	8	36	29	19	88	29	113	46	100	109	32	55	12	102	108	89	39	39	58	69	34	68	39	96	59	94	29	19	43	55	55	70	47	2	104	82	62	29	82	48	104	12	40
72	28	62	50	6	97	102	35	34	60	83	114	51	9	87	55	72	41	116	105	104	8	111	10	21	7	77	17	79	14	75	95	81	102	52	73	22	20	44	7	81	71	78	119	108	3	104	41	16	108	42	83	22	6	81	85	108	66	118	65	24	97	84	46	53	46	59	76	57	4	48	106	56	65	80	118	54	40	66	37	92	99	41	15	26	27	106	60	121	86	102	88	112	86	108	5	74	79	66	40	48	65	59	114	122	51	103	91	62	9	40	28	78	105	30	51	80	42	54	36
70	19	68	116	5	85	96	68	36	70	118	74	18	21	79	69	103	61	9	15	10	44	121	28	125	80	77	30	81	9	123	34	44	48	97	10	24	34	77	109	11	77	56	20	57	56	38	117	13	53	29	118	42	85	10	85	25	85	16	45	6	104	29	111	4	49	108	96	43	35	37	41	123	6	83	51	68	26	108	72	79	59	19	85	103	97	105	106	58	31	2	39	51	70	92	16	85	94	57	76	17	34	14	18	73	43	89	116	27	66	16	99	71	87	28	121	1	63	80	5
19	69	71	5	62	64	36	88	22	90	27	110	21	32	101	50	9	11	54	89	54	7	89	22	23	118	43	20	27	121	92	92	69	109	119	108	7	72	11	60	42	13	114	31	19	21	4	7	42	74	39	124	54	54	32	95	57	104	27	115	45	106	4	60	21	48	94	107	61	19	61	119	122	87	28	39	96	62	12	49	117	102	15	7	30	118	38	25	76	100	12	75	105	49	45	102	28	88	85	9	87	62	54	14	41	7	104	77	40	23	74	85	108	77	109	96	95	19	88	99
55	97	15	74	122	10	36	36	110	93	79	112	86	79	65	105	113	11	83	1	20	45	102	74	100	1	3	38	20	98	7	69	4	101	50	8	9	122	57	47	56	56	51	111	23	74	75	2	32	22	22	59	112	122	36	98	69	90	78	80	87	113	75	79	97	29	48	105	55	59	107	7	21	34	44	20	68	113	16	26	66	59	91	63	81	93	28	106	18	45	118	84	13	121	27	118	78	97	116	29	99	62	108	75	81	84	25	56	79	103	72	99	23	4	23	81	90	125	37	90
82	68	29	118	71	27	77	70	36	4	119	14	97	42	91	9	117	6	72	104	67	4	18	123	96	76	23	84	80	26	57	24	39	111	3	23	48	46	51	86	13	102	118	124	14	18	100	16	63	71	36	112	67	4	110	82	113	46	13	89	40	47	103	24	89	33	97	39	121	88	72	62	25	48	28	86	57	63	76	94	27	97	112	18	78	91	84	10	41	60	33	74	83	31	5	9	119	88	54	77	78	125	105	29	82	117	76	18	28	43	109	124	116	41	55	120	20	36	83	60
90	125	30	70	97	118	95	40	117	123	39	121	94	81	113	104	48	56	60	72	92	29	44	46	72	70	5	121	95	38	22	33	2	119	83	84	63	94	71	111	63	72	1	36	48	74	60	20	19	102	12	125	43	50	45	80	101	76	96	91	63	89	27	124	39	59	62	74	105	9	123	99	107	68	16	57	25	68	37	77	49	113	33	44	110	12	79	37	7	92	39	14	84	10	119	108	66	87	56	97	13	75	33	1	87	95	41	94	97	124	64	70	6	114	103	5	1	21	44	25
90	44	125	1	27	122	31	75	62	18	72	87	87	93	20	49	74	94	8	43	43	49	65	29	58	50	61	79	86	43	104	63	31	5	124	8	69	10	121	83	63	95	92	109	122	60	5	15	58	36	46	4	24	108	97	102	95	118	88	97	23	108	96	27	119	74	85	67	25	51	28	25	84	83	45	20	38	75	85	106	45	3	10	80	23	28	45	50	77	54	100	48	83	8	107	92	115	52	114	48	117	88	23	41	104	117	93	9	61	47	2	61	35	52	84	27	114	21	111	70
110	8	107	74	33	56	110	38	88	65	58	52	53	109	57	32	5	121	48	56	40	92	123	50	42	32	31	72	109	103	70	21	104	37	63	34	54	60	34	86	59	34	107	39	18	56	116	54	106	80	49	74	97	98	84	40	102	28	45	76	59	26	114	20	68	96	23	120	28	116	60	80	85	73	3	97	101	12	111	97	99	95	14	120	40	119	14	111	55	42	9	5	52	97	79	112	66	82	15	124	44	9	73	73	53	61	22	12	104	107	26	110	11	54	116	108	102	57	109	43
117	28	31	13	89	90	113	12	76	93	51	3	90	33	48	1	41	89	80	65	108	36	35	106	17	106	89	64	72	50	61	12	11	30	68	123	17	53	29	38	39	5	109	20	109	11	31	56	71	40	124	99	26	72	7	82	69	18	106	5	14	9	116	53	62	37	59	20	28	107	83	23	106	48	104	118	84	41	35	78	96	112	17	90	20	72	12	116	63	66	75	32	47	44	25	106	32	106	23	100	32	118	31	4	44	47	41	58	100	113	55	48	25	112	42	7	50	93	112	20
40	103	91	105	69	9	14	110	113	78	25	23	33	14	122	84	3	81	90	41	111	120	114	73	48	124	101	113	121	65	26	117	39	21	17	84	35	12	13	4	59	94	30	123	1	24	105	50	30	45	114	30	48	39	114	12	83	2	67	10	41	79	27	51	74	107	114	8	117	10	26	108	95	49	45	104	113	34	12	12	104	18	124	31	31	44	51	116	24	77	66	4	42	111	90	109	48	43	29	31	12	85	91	13	56	5	8	78	46	54	94	115	65	77	56	96	90	2	85	43
70	86	116	119	56	35	14	92	5	14	125	61	49	104	96	84	70	24	26	63	98	24	28	49	58	47	101	115	69	13	63	66	111	92	68	15	87	50	25	58	4	69	94	43	87	101	56	28	67	89	53	108	20	102	29	50	17	80	95	68	39	2	108	32	49	100	52	116	32	125	39	73	12	65	102	75	51	28	76	97	119	114	75	54	123	107	119	96	14	89	20	34	20	4	71	109	39	50	65	73	17	45	55	81	55	117	4	104	75	27	75	13	67	3	2	96	16	92	123	77
36	55	100	104	51	104	12	94	29	13	91	112	38	16	45	28	4	5	65	94	105	45	53	83	29	51	44	76	13	88	17	28	2	70	42	16	103	15	30	105	58	84	3	44	16	66	120	2	93	117	31	54	76	37	109	20	83	84	109	44	27	12	52	23	85	23	123	111	34	110	51	123	70	81	68	89	123	100	3	30	62	75	6	59	115	40	89	77	20	64	25	115	26	110	79	4	109	108	54	15	32	39	16	104	66	21	29	55	42	107	43	6	24	25	65	7	2	63	113	69
54	110	66	91	103	71	17	31	85	29	36	116	118	8	9	11	98	53	55	8	107	30	37	46	62	57	82	87	107	56	67	12	70	46	28	88	2	52	58	21	46	70	1	78	23	101	121	103	105	47	47	15	121	4	123	81	60	62	68	55	56	89	80	28	69	31	36	53	86	43	116	101	89	65	71	11	119	64	40	74	6	48	63	103	54	6	38	77	47	32	110	49	116	34	30	16	6	32	62	119	30	103	100	47	43	13	112	75	79	122	91	121	100	62	101	15	88	94	77	89
109	120	16	80	2	123	36	24	7	123	79	6	68	102	11	30	113	3	34	65	88	87	99	67	102	40	52	78	18	62	14	8	100	42	101	75	35	33	77	105	1	124	15	88	114	30	57	100	23	92	102	112	21	78	109	89	78	53	53	36	84	102	96	16	122	2	23	11	122	65	92	43	117	26	45	120	16	13	30	27	91	31	102	42	94	98	111	119	72	64	54	33	92	61	62	51	94	38	73	82	87	57	42	24	71	42	14	83	114	31	72	94	52	80	47	116	99	102	60	108
119	66	48	28	29	102	106	42	93	22	69	116	14	86	31	92	124	118	86	86	38	8	9	73	34	122	111	78	41	80	111	113	42	64	91	22	3	121	98	111	123	71	8	5	33	101	66	46	89	100	20	77	89	111	123	124	98	19	62	50	71	115	10	34	47	99	94	87	16	68	67	51	106	96	105	76	31	5	65	106	81	24	18	115	81	111	87	79	92	3	87	41	57	117	101	29	91	54	1	87	120	57	33	53	83	95	15	48	124	104	34	87	118	67	103	39	97	114	72	91
70	31	111	8	68	67	97	93	17	118	72	96	2	32	31	20	98	54	77	95	51	87	50	13	61	40	87	115	19	102	32	121	1	82	115	15	16	120	112	110	51	4	6	99	27	92	77	62	26	2	56	41	105	62	77	47	55	59	43	97	63	78	115	16	12	86	112	33	40	114	29	104	61	35	48	95	47	76	45	109	24	12	86	90	91	40	106	13	90	14	61	55	23	64	15	124	23	23	110	90	89	44	7	9	32	84	67	79	64	112	77	108	59	79	64	117	114	102	107	41
47	71	81	79	44	118	78	30	88	100	53	36	117	121	35	68	32	102	116	10	91	85	79	117	66	119	72	23	98	79	69	125	57	28	6	55	14	104	113	75	42	120	64	39	79	119	63	99	52	111	5	57	123	15	10	102	117	47	96	118	33	31	107	17	96	73	23	56	67	42	114	58	101	10	87	31	15	82	81	87	123	60	121	40	72	91	110	11	29	23	111	38	109	68	74	35	101	45	113	77	6	54	114	105	67	108	104	37	118	25	19	11	118	76	19	40	88	32	42	51
57	96	117	22	7	7	93	65	54	110	18	113	53	64	33	68	94	109	106	116	13	97	45	3	64	62	74	92	14	2	115	42	111	65	112	34	11	49	17	68	11	67	66	59	94	3	86	8	66	62	57	17	36	89	53	94	61	41	44	30	111	17	22	27	41	86	47	109	76	108	89	37	63	93	56	91	118	2	101	88	35	14	109	48	112	55	108	43	94	82	4	35	70	51	49	54	31	15	79	121	118	86	52	103	90	75	34	14	27	76	104	60	81	10	21	64	72	24	3	34
86	112	11	16	15	1	102	72	95	13	103	58	82	34	104	80	38	4	95	7	13	81	23	96	20	69	98	95	68	101	109	100	122	31	84	116	30	106	51	6	64	98	76	44	112	30	17	122	115	105	47	11	123	15	87	100	73	6	34	93	67	14	19	35	95	41	110	27	5	112	44	5	123	33	35	108	17	106	2	11	82	35	77	36	11	55	4	85	50	79	124	90	15	78	62	106	104	32	38	83	61	42	7	17	114	84	93	106	53	43	59	93	66	55	14	22	98	107	40	17
115	112	115	19	100	3	44	82	109	21	112	64	56	104	1	27	69	27	20	49	109	73	119	90	84	97	109	45	37	89	20	23	67	53	74	77	70	32	36	84	79	19	32	3	28	25	81	42	29	40	9	81	6	104	22	117	117	53	30	19	27	28	6	121	9	69	106	42	107	1	79	92	107	90	33	117	87	3	121	83	101	74	72	19	84	23	57	19	107	61	105	93	72	81	35	90	28	69	16	79	119	38	109	94	50	12	122	71	23	77	99	115	67	91	67	71	13	42	44	13
107	63	61	91	9	88	70	36	43	60	106	72	100	30	83	2	74	84	68	4	39	88	4	84	23	46	61	46	20	36	61	54	96	23	24	66	98	51	104	65	55	68	30	23	49	85	73	42	47	10	89	51	124	47	61	117	25	124	6	25	9	25	84	3	71	102	118	6	47	29	26	73	45	51	24	91	103	24	83	18	54	63	90	7	36	67	31	109	110	14	117	107	51	99	4	107	48	85	1	102	25	99	90	42	43	30	81	93	14	119	69	55	78	38	108	56	53	22	31	55
17	57	78	13	53	93	49	24	121	115	92	48	70	59	20	98	92	92	6	85	111	107	9	62	119	25	84	117	68	13	42	59	92	88	19	23	113	35	6	53	85	78	116	42	33	19	61	34	39	117	97	99	44	120	75	69	44	96	101	2	88	33	82	40	77	6	110	18	16	11	50	38	84	120	9	86	56	29	92	6	55	104	2	26	66	119	8	4	52	2	8	43	107	72	42	39	14	16	55	105	89	78	23	76	82	118	3	46	124	38	82	97	88	17	13	6	12	105	24	86
115	102	36	79	44	15	105	16	99	59	96	47	122	112	10	105	37	55	46	76	84	116	90	3	83	89	110	43	46	32	62	113	68	40	125	33	75	83	9	34	65	7	38	101	70	90	78	98	54	9	7	55	87	44	27	11	31	113	98	47	90	30	58	81	48	38	47	32	14	70	51	20	107	112	92	105	22	4	18	92	44	57	89	6	78	87	49	89	22	96	77	44	93	109	5	45	23	85	81	30	93	39	65	63	90	109	7	53	57	106	53	102	14	44	3	10	57	33	38	98
106	10	46	16	5	87	63	8	94	7	42	1	117	81	103	2	105	5	91	117	8	124	32	65	45	16	92	118	35	57	46	67	122	39	48	25	74	94	18	86	44	59	41	51	102	84	75	73	11	101	59	86	16	75	119	124	20	53	62	89	21	43	92	25	5	40	116	57	38	63	57	73	14	6	61	47	31	41	119	67	11	86	120	57	104	3	108	64	59	6	65	2	53	108	6	7	97	20	90	11	90	65	15	60	60	13	42	49	69	87	64	36	41	29	49	48	91	105	31	81
88	124	105	103	82	91	96	97	88	18	53	56	74	80	37	99	77	4	117	89	31	55	125	113	52	64	41	4	5	109	28	68	42	79	112	54	16	8	103	4	36	22	66	108	94	40	72	102	53	33	45	99	34	107	121	96	5	79	112	99	75	68	97	59	13	61	25	122	11	115	40	68	101	72	107	71	98	90	96	72	46	125	38	63	33	48	74	60	2	88	58	49	102	71	60	75	105	113	75	78	73	48	82	111	100	29	121	12	112	38	109	120	50	90	124	6	51	124	13	30
55	108	23	74	54	74	33	15	65	11	115	25	52	81	108	112	24	46	9	66	111	27	72	68	47	107	81	35	118	37	125	89	124	10	90	63	58	100	74	118	110	16	67	107	15	102	40	78	58	40	5	122	113	41	40	92	66	97	32	49	99	18	51	22	79	107	37	29	3	103	24	38	48	42	15	35	49	60	48	88	16	64	34	25	11	103	64	44	88	27	88	6	61	71	125	24	50	91	35	112	85	95	81	37	38	56	2	72	124	44	24	92	49	63	93	9	90	21	75	88
94	28	113	1	99	87	76	111	54	90	59	43	51	11	86	6	16	32	17	39	63	62	25	25	28	77	28	65	120	45	90	57	83	66	68	107	58	39	118	32	33	22	125	13	106	10	88	58	78	82	41	77	34	32	75	78	76	36	29	71	125	72	7	1	87	92	87	60	12	84	104	43	116	113	62	92	35	73	108	22	52	103	76	83	8	113	64	121	59	39	10	50	12	78	68	47	2	29	52	10	79	47	61	100	28	39	27	42	97	108	43	117	79	105	93	71	51	6	81	54
12	115	23	59	44	94	6	58	16	16	75	72	53	75	119	57	70	32	94	43	34	38	8	77	100	75	120	21	39	50	53	45	10	99	36	46	38	97	95	85	108	82	2	114	85	16	16	3	16	36	31	32	95	18	85	3	123	33	21	120	106	121	101	62	92	4	116	121	15	98	35	56	101	27	100	38	34	59	64	57	78	15	39	105	109	123	10	93	69	7	105	56	94	103	6	38	110	125	75	69	17	70	9	6	86	109	81	44	28	86	82	46	30	9	61	77	17	52	99	12
46	12	38	62	34	72	49	93	64	97	78	60	112	73	109	18	77	97	30	71	10	114	93	100	63	62	123	47	103	105	108	41	89	98	96	39	115	42	105	6	110	53	15	110	121	1	43	30	29	55	23	91	110	71	121	75	89	15	48	76	84	120	74	72	78	54	7	78	65	46	82	108	92	50	111	2	29	57	26	81	32	96	116	76	73	12	114	61	107	29	69	42	85	125	93	58	86	67	42	93	96	123	82	52	121	116	4	103	23	43	100	52	84	42	45	122	46	119	4	44
93	25	88	60	55	94	44	34	84	62	27	108	111	99	24	35	122	3	94	82	96	55	119	69	110	22	91	113	105	35	119	114	26	83	84	104	23	60	37	90	48	57	59	72	71	104	122	86	107	43	105	90	103	116	40	33	49	106	125	15	29	114	95	78	111	93	75	38	73	49	121	67	94	67	44	62	71	44	59	87	117	81	13	91	123	40	49	92	73	115	19	78	65	94	45	28	98	8	2	17	116	27	60	29	12	60	105	78	25	32	82	34	8	80	4	58	122	123	45	62
60	33	77	6	36	120	109	73	90	68	46	33	12	55	35	16	39	56	124	97	56	79	87	63	38	43	8	110	78	110	76	86	70	15	46	4	26	68	29	55	2	53	90	114	96	75	37	111	19	45	7	84	41	80	58	124	114	82	48	74	32	122	3	67	94	55	8	123	121	4	48	59	70	32	124	58	54	29	22	67	120	87	12	106	115	88	52	49	5	21	30	100	115	101	63	2	9	75	115	110	35	47	62	46	26	105	25	80	87	123	42	17	54	51	11	59	91	120	16	13
93	69	5	68	61	121	36	85	74	44	86	23	32	79	19	79	88	75	102	1	90	70	42	93	89	12	60	81	69	9	89	106	103	75	34	24	100	60	7	53	41	64	97	68	115	88	22	64	95	2	81	53	4	97	86	42	60	10	51	58	67	29	57	89	64	65	98	55	37	61	74	70	23	48	2	95	108	31	110	21	91	85	120	77	31	95	111	115	89	54	28	6	115	59	80	58	18	109	57	72	123	13	119	55	11	8	14	103	80	23	62	60	57	4	98	84	22	85	118	18
13	73	65	29	68	54	49	68	10	80	8	15	58	48	32	25	95	54	53	99	94	26	99	96	20	79	104	99	110	100	53	6	81	87	32	70	82	39	54	37	39	99	9	77	112	69	94	23	25	40	15	76	44	89	56	60	27	12	115	92	52	67	39	52	118	69	47	110	93	114	9	19	105	103	38	36	36	119	96	18	39	23	84	90	24	96	45	84	51	62	109	40	69	44	31	75	114	7	84	57	118	94	57	110	64	97	47	27	48	115	90	68	52	97	84	79	14	74	18	43
42	20	38	33	12	3	35	82	74	121	23	64	116	30	44	119	115	95	26	106	112	92	78	87	55	64	69	90	57	46	93	63	111	121	57	9	112	60	99	97	35	27	79	90	56	28	59	55	82	44	15	72	28	118	5	91	9	51	43	48	79	64	119	64	4	69	56	32	35	115	110	106	60	107	68	8	34	88	39	92	29	44	93	101	109	29	46	18	65	46	69	55	8	99	42	75	22	61	14	70	72	123	47	4	98	64	59	101	6	67	45	59	120	9	90	44	121	77	119	107
73	107	13	32	114	109	83	93	58	50	17	90	116	60	7	14	40	29	120	23	57	41	25	78	117	35	45	125	90	98	40	69	116	53	91	66	103	11	77	49	48	73	117	105	72	45	44	47	116	107	75	91	26	12	31	114	87	54	123	58	3	17	119	60	4	94	116	83	77	8	60	74	108	26	33	58	113	78	113	114	53	103	33	119	65	62	106	63	49	13	90	11	103	68	79	92	24	64	26	71	35	104	99	14	122	96	74	85	115	65	94	123	54	78	28	101	8	55	84	17
11	27	80	71	94	84	90	85	107	98	23	41	112	35	13	94	99	84	35	86	61	37	59	8	32	52	46	67	48	43	53	4	53	9	29	2	104	34	14	19	50	47	28	88	38	89	110	63	64	60	11	17	79	47	74	81	73	96	55	86	15	17	29	109	37	64	70	53	80	16	53	90	23	87	23	50	19	101	67	41	65	89	36	66	46	12	48	73	81	89	14	78	14	78	4	99	50	88	108	18	64	15	59	38	90	33	53	122	95	43	18	26	13	62	29	105	1	79	58	110
5	15	50	125	7	123	40	70	98	92	123	48	92	116	91	114	29	110	82	85	13	2	48	114	6	23	118	80	89	47	32	106	102	88	62	54	31	64	10	76	21	5	3	6	102	55	60	104	36	84	18	75	63	124	11	121	92	124	117	72	81	27	113	60	14	14	71	109	12	38	95	26	85	58	94	63	19	58	106	15	115	51	83	29	78	75	122	80	3	110	61	118	79	56	7	91	115	28	50	10	76	46	62	30	51	60	85	56	121	69	53	53	47	28	2	106	41	30	74	122
7	87	61	82	63	26	29	109	116	9	122	117	99	14	109	4	99	6	113	79	119	118	96	93	25	51	80	46	27	56	106	46	55	90	59	84	42	33	51	96	113	44	106	92	9	84	116	108	53	31	15	97	86	85	100	71	16	101	106	52	46	57	89	7	35	92	25	9	62	48	80	98	9	120	44	1	48	39	65	44	66	78	113	101	105	68	50	22	78	107	26	88	106	73	110	87	46	93	13	40	114	115	29	56	59	18	60	52	7	45	63	123	107	87	15	120	3	80	82	47
51	3	73	61	48	110	56	118	102	86	54	106	63	22	22	38	20	89	43	6	88	29	31	84	33	122	26	114	40	112	67	112	54	106	71	74	28	59	109	88	91	60	93	82	77	45	47	15	96	21	61	47	15	13	93	70	68	14	4	115	103	20	67	105	31	93	74	104	100	100	14	25	14	48	6	14	14	122	30	14	61	55	24	28	86	47	47	74	11	93	121	116	33	85	32	62	56	44	43	121	22	78	104	48	70	105	93	30	78	9	61	59	49	56	34	31	86	20	92	66
36	121	76	39	125	112	4	99	54	20	71	25	51	22	23	30	76	60	93	60	1	71	76	108	105	30	28	78	83	110	59	98	93	86	123	11	39	72	92	81	116	46	19	97	17	38	8	111	88	63	84	9	92	19	115	26	27	81	76	2	38	124	69	57	100	24	81	49	19	71	68	24	54	12	72	64	35	84	86	79	9	33	100	30	121	13	102	112	70	114	71	103	46	8	53	15	111	123	18	24	22	62	62	7	20	60	46	114	107	63	15	50	116	116	88	81	73	78	17	90
27	7	22	2	77	44	6	38	95	54	23	115	119	35	100	104	71	58	19	50	121	117	99	70	80	92	21	28	59	65	31	88	40	113	28	75	32	112	29	115	5	76	45	28	29	105	50	119	37	99	54	18	98	118	117	63	40	79	74	94	84	93	78	77	79	113	29	89	125	54	82	113	67	65	110	40	48	21	47	97	76	117	91	79	10	97	85	31	113	52	21	123	82	32	31	62	115	38	83	26	66	55	22	2	4	16	4	71	6	29	37	118	108	39	2	105	95	53	99	9
5	68	76	84	9	88	61	43	1	75	32	15	101	123	80	53	75	43	117	12	58	113	59	67	54	27	107	50	67	60	23	70	65	36	40	14	80	8	7	38	114	125	83	58	82	63	74	107	94	70	58	19	14	73	28	69	47	67	66	118	71	36	114	91	66	40	12	113	74	61	99	53	110	41	56	107	15	19	73	25	57	14	125	71	103	107	50	91	102	1	75	111	5	18	113	81	53	11	34	105	78	81	20	20	54	32	67	57	68	108	117	123	29	107	98	109	102	32	70	75
116	61	24	75	110	40	115	19	111	52	95	4	89	112	16	45	21	121	102	20	91	114	6	39	56	113	72	112	44	36	11	104	29	75	103	4	24	100	108	53	123	30	17	27	90	68	106	7	66	47	119	82	12	114	14	55	7	42	5	116	95	114	112	23	1	10	12	12	75	120	113	90	64	15	63	42	9	54	54	78	122	27	39	11	48	123	97	97	63	48	68	92	77	111	54	24	101	10	45	28	69	73	35	83	47	115	98	111	109	119	22	53	92	74	40	122	122	82	115	50
S2jk:
100	66	113	45	97	11	15	71	41	106	69	99	102	3	65	3	102	10	78	43	89	25	25	93	58	45	57	84	105	43	78	47	66	42	25	10	82	109	114	18	102	103	31	84	113	33	10	63	95	35	79	90	65	10	114	103	67	45	23	106	52	91	123	28	95	40	85	71	69	52	12	51	71	83	69	105	42	103	13	114	28	27	78	23	112	55	19	119	47	81	24	31	38	52	82	15	80	100	90	71	60	36	34	3	87	97	30	97	4	36	7	80	120	93	89	109	105	31	4	23
116	69	104	72	4	8	107	66	109	117	26	3	92	93	72	26	41	108	46	37	103	2	106	17	39	11	110	58	11	87	68	62	21	120	23	92	24	51	6	37	58	19	93	117	77	16	6	77	21	79	52	95	81	113	92	65	103	18	70	115	78	53	55	101	9	38	13	52	32	98	22	38	18	39	95	24	99	28	62	5	97	106	101	43	38	103	94	64	105	101	65	110	66	80	49	31	6	119	96	35	89	63	118	59	54	54	119	34	32	95	84	6	50	78	111	46	85	81	33	39
102	66	60	36	124	93	89	80	116	38	8	25	36	117	16	26	45	58	84	94	16	114	113	61	70	123	117	5	16	115	84	86	72	5	88	80	16	74	3	26	52	119	45	60	73	117	64	80	102	4	95	123	118	72	42	10	30	49	27	94	42	101	13	98	21	68	107	109	122	99	16	27	97	76	52	93	75	42	85	89	26	74	105	93	59	73	53	78	105	73	106	82	92	119	9	80	33	105	58	1	47	97	42	55	78	123	11	93	55	10	13	23	116	2	87	42	69	17	72	79
64	30	112	74	48	116	91	82	39	14	38	118	67	82	20	8	5	45	122	30	29	93	55	21	30	61	87	79	109	33	122	50	20	124	60	5	60	10	32	61	106	118	63	47	20	9	71	95	32	39	97	118	103	108	59	17	53	21	100	22	33	30	26	93	41	34	55	74	32	120	85	61	79	77	58	70	58	122	17	53	88	36	18	31	119	54	84	62	3	24	50	2	104	97	73	100	65	24	56	82	24	54	80	101	37	107	115	49	27	39	81	41	86	119	93	27	74	119	72	30
103	91	3	80	85	94	48	16	108	119	74	71	56	116	92	94	75	57	62	53	60	40	119	69	121	25	66	62	16	107	17	51	26	73	117	90	114	125	13	33	52	64	87	110	64	71	32	8	10	34	108	6	31	6	4	87	55	90	51	20	99	9	10	79	103	75	44	85	35	107	104	81	90	114	94	51	24	96	60	119	79	46	3	82	116	95	81	27	103	17	20	123	56	105	90	62	80	104	54	28	32	26	113	42	81	75	30	83	97	105	62	20	117	115	43	3	101	112	72	29
10	51	12	107	64	101	87	44	64	103	13	52	63	97	22	98	20	89	114	54	48	101	100	53	84	32	63	102	50	40	109	86	27	94	35	83	62	41	18	56	22	49	77	85	48	28	25	97	70	36	107	24	26	108	13	57	73	21	89	30	81	95	86	49	92	82	31	30	42	120	117	59	73	79	65	119	107	38	61	33	123	65	16	119	59	51	123	27	53	89	111	48	62	41	41	50	3	121	39	44	13	44	119	29	6	4	5	67	72	28	38	3	72	109	114	62	74	90	79	120
23	49	100	10	13	124	6	91	91	63	96	94	69	47	89	70	51	45	85	78	49	60	110	9	3	33	91	26	25	123	74	66	65	64	102	93	31	10	94	41	54	35	26	2	87	14	48	89	105	44	13	69	55	112	103	117	123	77	78	21	91	53	49	24	88	19	96	116	61	104	118	19	120	53	34	54	101	59	99	69	23	34	109	83	104	67	9	48	95	59	29	94	38	25	2	4	119	119	26	14	52	54	95	10	50	53	74	49	44	19	25	84	119	15	1	102	63	85	46	52
42	83	9	1	10	8	64	1	70	28	104	80	39	122	71	79	28	19	113	124	79	6	59	74	54	47	60	9	101	70	93	35	25	21	64	10	48	30	117	16	70	51	83	35	42	102	11	64	109	84	5	57	123	65	11	41	116	49	112	75	119	77	68	25	115	77	15	115	61	98	91	91	92	63	21	20	4	58	62	59	35	14	70	22	3	16	95	45	40	122	21	59	48	63	58	8	69	78	123	93	24	67	59	87	71	48	22	58	27	72	95	93	62	113	34	83	48	22	98	82
64	107	23	84	122	17	118	62	101	30	84	92	111	55	61	55	96	74	124	30	78	30	92	38	26	98	27	36	62	86	92	100	35	17	97	56	74	79	71	26	115	71	97	85	13	101	39	55	120	79	65	40	111	66	31	61	70	11	108	109	38	64	114	21	56	23	81	84	15	73	78	2	30	82	4	20	65	84	45	105	89	32	113	91	111	97	114	42	27	96	109	118	29	53	13	119	36	112	117	98	75	16	39	116	49	115	85	103	35	13	124	77	26	64	11	24	39	24	12	82
41	19	46	57	97	80	96	55	6	21	62	2	100	92	107	70	118	70	108	78	83	61	63	71	52	114	44	8	70	42	92	24	99	15	88	57	44	68	95	70	94	37	32	82	72	16	106	15	46	2	82	80	115	46	101	106	57	103	20	56	89	89	91	36	7	20	83	63	87	92	105	52	76	6	55	107	124	105	90	34	83	47	80	62	114	69	113	103	85	74	101	34	81	36	70	108	119	60	35	67	98	105	85	13	49	42	94	26	12	113	62	57	10	31	67	28	101	57	58	39
6	61	38	9	115	31	7	75	60	5	37	22	87	34	66	40	14	105	26	23	43	75	5	35	28	33	117	39	70	2	119	47	83	9	10	56	8	112	48	116	46	115	107	38	110	67	120	59	11	12	96	122	47	19	62	90	26	39	72	119	80	89	116	84	58	70	117	70	8	42	67	104	82	38	11	31	18	96	22	7	35	19	68	21	33	3	66	106	68	39	54	6	63	69	27	116	66	17	35	37	80	119	37	3	92	29	13	50	15	29	96	111	78	71	125	45	80	97	29	8
100	6	50	65	71	106	59	44	97	38	54	92	48	28	74	38	58	18	33	50	13	87	87	13	34	97	24	17	27	34	99	20	46	28	13	84	88	45	77	116	89	119	94	121	83	113	37	68	125	72	110	104	98	17	123	52	102	114	9	114	39	85	11	18	100	6	20	116	45	60	90	53	19	64	20	110	50	117	114	95	100	113	119	96	75	1	122	20	123	122	56	104	13	84	118	118	54	27	11	84	90	75	107	98	65	63	124	117	98	5	91	68	47	95	107	49	121	108	75	33
2	75	66	36	66	30	43	86	3	34	67	42	55	114	52	5	20	119	67	28	52	15	110	31	43	85	94	87	114	54	69	48	37	40	78	21	98	4	77	38	68	92	97	61	22	76	82	89	73	119	77	12	71	46	6	10	23	91	69	84	69	14	11	59	87	63	66	95	21	15	29	35	124	78	36	104	118	93	14	83	2	95	50	125	36	98	20	39	79	118	17	124	57	80	53	74	37	28	88	29	53	111	93	35	87	62	41	76	109	20	87	94	78	20	112	101	111	92	30	9
104	80	29	111	107	40	123	125	100	1	100	35	65	50	15	95	96	42	98	25	25	9	100	106	79	44	120	12	97	13	31	78	114	6	105	79	64	122	16	51	115	71	109	97	96	84	18	77	104	74	7	97	69	23	98	21	63	91	19	98	34	25	26	89	37	84	64	36	9	104	76	44	17	43	88	25	34	11	82	69	68	81	48	78	90	9	56	121	8	110	85	95	29	44	74	39	89	19	82	54	5	8	33	109	30	116	48	7	58	110	40	55	82	1	107	102	82	18	90	84
72	69	19	102	86	117	23	110	34	73	70	28	12	2	76	25	87	76	43	96	95	67	10	105	72	75	116	67	63	22	108	80	114	70	18	43	30	70	35	5	52	63	22	62	84	83	101	44	30	89	22	99	51	13	87	70	113	109	54	91	17	8	10	41	10	67	83	83	7	9	54	17	27	1	50	56	2	44	98	11	33	114	12	98	101	18	47	60	80	55	116	65	67	56	77	106	2	86	90	46	9	98	78	10	17	103	112	124	73	36	52	58	12	48	5	26	82	61	97	12
43	82	27	103	86	26	10	57	86	96	42	65	7	71	106	102	16	79	53	37	43	51	49	3	97	54	31	106	37	23	80	3	76	96	32	79	38	74	108	124	50	90	54	22	11	13	57	20	109	41	16	33	94	90	77	124	17	29	99	36	109	1	57	70	11	15	123	64	95	77	85	29	118	62	51	79	83	5	109	16	90	88	86	87	83	6	109	77	29	76	77	63	20	42	88	111	84	83	95	88	52	109	68	56	38	15	70	38	54	52	11	121	42	24	59	91	101	27	28	78
89	119	118	110	29	12	28	39	92	122	33	45	112	10	38	108	47	74	25	74	69	41	86	103	31	41	54	44	94	84	83	95	2	19	94	102	98	85	92	117	7	89	107	21	97	97	52	95	53	85	71	37	73	84	93	36	17	38	92	41	51	41	112	56	20	94	108	8	67	88	37	14	86	120	36	69	15	89	91	79	119	122	38	86	85	51	75	42	5	90	30	109	11	36	40	87	68	39	60	96	58	23	120	98	113	116	92	55	45	109	89	52	35	56	13	108	30	17	124	2
51	18	113	102	102	6	124	8	105	77	89	114	4	48	100	10	75	7	40	88	15	38	84	85	64	16	17	115	30	49	99	107	8	44	37	102	62	30	20	14	53	95	73	46	47	17	49	77	82	49	2	47	77	20	30	61	40	18	11	122	86	92	101	55	56	58	69	1	38	99	64	63	45	59	61	52	121	12	50	107	17	41	25	77	123	116	74	114	121	17	25	105	108	41	109	107	109	72	23	22	52	107	61	93	69	5	75	29	103	87	64	26	84	117	92	111	42	26	14	12
81	120	46	94	82	22	74	117	118	71	52	118	101	10	108	51	71	88	24	122	51	91	40	39	54	123	75	21	74	39	56	87	124	58	22	69	3	16	99	3	99	105	108	29	95	123	40	90	62	100	116	5	95	16	46	71	8	63	41	115	24	77	122	115	49	66	39	7	84	60	50	75	46	79	74	92	7	97	104	82	72	50	118	15	69	73	96	55	43	58	22	75	38	22	71	86	91	27	122	33	91	5	64	92	38	54	109	81	100	56	113	78	45	112	7	75	10	123	117	42
20	113	86	39	50	38	34	84	93	23	69	22	90	92	84	94	54	19	102	120	56	107	31	13	112	18	32	100	111	47	85	16	21	69	74	52	110	10	63	100	27	119	49	68	106	20	55	64	105	124	89	57	99	69	48	95	22	108	56	66	76	69	101	105	103	94	101	122	43	103	77	96	45	92	124	34	36	19	58	34	16	31	68	111	96	48	44	29	30	44	34	61	65	53	23	3	110	8	24	85	46	7	103	69	93	124	111	45	35	115	117	24	88	120	10	17	48	24	52	55
121	55	25	91	72	113	112	3	109	82	99	100	115	115	36	59	63	111	96	15	24	90	95	24	19	58	114	29	97	90	77	107	98	3	122	28	75	48	17	48	101	69	4	22	59	117	39	3	5	42	34	113	26	81	46	94	58	19	35	125	51	67	113	105	49	65	103	92	39	96	56	88	32	58	29	51	17	93	100	107	88	36	118	28	125	9	116	124	93	35	62	59	5	13	86	36	51	32	40	107	6	57	76	104	34	124	31	108	5	37	40	115	95	125	94	23	80	86	61	75
35	49	56	62	42	54	57	32	61	47	62	58	125	67	105	13	107	27	30	32	103	42	21	91	10	90	48	116	105	52	99	46	33	124	35	41	93	40	88	1	111	67	84	105	111	113	92	61	111	83	5	23	34	113	74	112	122	86	46	72	92	120	58	100	4	100	104	91	121	67	55	114	99	90	108	31	64	55	79	99	21	35	67	121	80	89	50	1	17	69	55	75	89	49	51	91	94	43	48	101	13	2	36	78	26	101	96	39	44	50	71	116	82	13	81	102	14	118	20	103
54	93	119	86	63	43	125	24	39	119	39	12	38	64	118	23	50	113	8	78	72	55	98	110	87	38	110	111	62	38	5	28	83	17	6	75	56	29	78	15	24	25	106	8	109	49	55	38	5	51	98	107	120	73	92	100	86	57	14	55	103	94	89	3	84	3	67	79	73	96	100	123	94	79	66	110	20	43	5	17	84	109	90	17	95	45	94	117	122	104	16	124	124	120	107	40	64	124	43	2	26	88	17	78	42	87	20	61	32	73	1	25	92	45	36	97	83	29	108	7
47	115	91	69	9	123	44	69	53	110	66	95	111	20	112	39	115	64	57	31	119	56	109	76	119	90	53	103	98	30	79	49	109	97	45	72	25	46	4	89	104	40	46	110	26	44	65	73	118	90	23	51	97	88	89	9	60	39	35	64	123	123	84	55	116	111	109	65	76	113	76	83	17	9	11	35	15	87	43	84	23	98	36	103	113	33	66	103	10	109	26	71	42	44	82	12	82	76	94	111	119	118	94	13	106	15	111	68	74	15	15	106	60	59	101	100	96	82	14	29
88	75	8	54	60	13	75	77	47	62	54	4	66	14	115	52	45	117	27	37	8	8	46	26	103	52	34	104	60	77	105	76	119	40	91	87	76	9	119	75	28	83	75	113	112	47	119	61	16	49	43	40	24	18	53	78	115	11	73	111	86	40	61	63	115	58	18	99	89	77	95	118	88	41	111	80	94	96	48	32	109	120	51	112	14	38	24	116	71	87	15	95	114	47	2	30	101	69	71	101	76	36	14	62	52	87	65	77	39	24	87	32	121	107	108	25	89	100	60	55
39	81	74	122	59	25	71	19	28	62	17	40	106	76	64	60	67	84	42	76	32	121	57	115	22	4	71	50	59	56	74	25	114	57	121	61	123	61	95	27	18	25	79	68	23	118	57	118	14	64	95	56	125	76	102	22	2	67	63	43	3	105	91	124	39	50	18	104	113	109	121	67	2	67	8	44	67	81	76	22	20	27	22	82	89	118	101	68	14	120	119	36	49	71	37	88	49	87	70	52	115	121	97	92	50	38	76	7	65	39	16	59	32	86	71	43	36	26	72	87
15	117	33	33	55	125	45	63	39	28	76	35	38	106	15	39	45	16	104	103	5	99	111	24	2	106	29	1	114	49	73	11	80	38	37	82	7	25	52	123	62	68	9	55	64	71	116	12	15	79	40	124	28	53	19	122	104	5	7	89	67	33	102	102	7	75	77	8	34	94	83	111	4	29	116	14	106	38	42	56	47	8	100	45	93	11	37	73	7	106	59	32	47	21	29	64	52	22	105	116	22	26	110	104	102	86	100	55	99	14	32	100	50	121	102	80	65	54	41	23
31	52	98	59	44	52	84	91	12	34	38	28	40	122	61	1	108	18	122	16	120	70	79	85	58	91	7	108	15	52	1	91	21	34	60	101	124	81	30	98	116	10	114	6	39	24	40	40	1	102	119	64	7	79	11	93	115	18	110	88	22	23	102	123	43	108	119	82	34	94	112	122	110	69	85	46	37	96	28	30	7	30	15	32	98	16	84	71	82	68	54	72	54	100	125	98	120	91	94	125	23	118	63	74	101	64	37	5	90	78	98	63	44	124	55	42	114	68	54	93
22	11	120	92	95	81	42	61	41	87	16	102	3	6	71	117	116	23	111	44	57	54	18	68	76	28	110	113	89	13	100	18	17	8	90	31	79	23	5	117	77	93	6	40	112	31	103	55	92	38	107	72	24	109	64	88	114	93	38	70	59	54	45	39	65	8	11	52	45	35	33	115	107	9	82	77	119	36	50	48	9	63	23	116	26	63	15	88	54	16	92	83	38	37	56	8	89	26	75	19	79	48	38	58	5	109	54	26	114	68	117	46	5	72	107	27	52	35	23	88
24	44	20	120	44	117	26	3	32	28	84	46	98	80	3	25	49	8	43	95	44	111	53	14	83	42	103	55	64	104	107	30	62	109	102	106	49	103	98	41	6	26	6	67	18	29	97	82	86	74	54	4	25	44	95	69	116	56	43	40	14	99	12	91	105	15	48	36	45	41	122	87	58	91	58	28	125	97	90	31	42	13	105	114	29	96	66	64	3	67	2	91	80	119	20	73	61	106	73	105	80	34	58	69	102	31	39	54	33	66	77	60	99	24	81	28	28	6	1	78
122	92	11	79	75	86	47	13	77	119	10	60	81	96	37	93	39	5	38	56	109	123	45	103	117	90	113	87	59	92	74	54	41	44	26	99	42	63	75	96	55	40	31	77	74	60	32	112	67	43	9	61	64	98	111	57	100	83	75	36	8	72	73	19	27	73	114	39	60	96	98	88	100	97	40	26	6	101	27	48	58	67	115	122	7	30	119	33	61	86	98	3	37	32	29	106	113	55	14	73	32	97	111	25	49	40	121	26	77	37	73	19	12	114	2	72	91	85	105	62
22	67	9	84	25	70	54	111	91	99	13	56	121	92	100	60	18	80	48	95	18	58	81	97	40	80	29	118	15	4	86	32	87	3	37	21	78	11	58	107	93	19	61	5	74	96	54	63	99	123	12	82	2	115	74	17	99	107	28	124	84	114	82	34	37	46	75	38	61	52	92	38	68	85	103	14	124	71	109	114	28	72	22	106	94	8	3	14	93	42	59	51	48	32	120	12	23	124	77	48	50	112	104	93	39	15	43	64	65	62	79	21	40	88	77	114	119	42	53	37
68	60	83	86	109	28	84	48	89	89	1	112	103	53	113	103	65	89	10	52	90	79	87	112	120	90	51	108	106	94	105	116	61	3	122	64	88	25	34	3	91	11	27	69	23	22	52	61	49	78	22	13	85	13	73	108	24	109	22	25	71	59	91	35	39	85	3	62	14	13	84	16	74	71	89	78	53	26	30	92	27	40	116	12	64	94	95	110	77	41	76	24	29	44	100	93	100	100	113	46	76	110	99	60	12	4	51	94	67	53	24	22	85	20	99	55	64	28	98	78
24	26	37	81	121	96	110	4	124	92	114	40	22	83	68	103	37	113	115	88	44	98	95	12	108	121	79	68	61	118	69	81	121	83	82	124	39	88	64	60	40	56	109	103	40	39	8	113	32	49	15	59	92	7	92	50	5	33	102	89	66	45	106	80	70	45	74	86	5	16	104	10	96	119	88	49	103	64	13	37	77	41	93	55	65	92	89	87	16	35	49	55	25	103	110	40	1	70	42	33	6	11	95	83	45	4	37	81	69	52	39	13	114	39	55	105	41	59	95	8
9	39	123	48	88	80	52	123	122	67	95	75	16	88	72	19	74	85	68	72	109	117	18	89	11	49	106	61	18	32	24	11	79	21	49	69	13	56	57	93	86	85	79	102	34	10	71	71	123	80	3	5	88	101	116	78	18	13	61	114	32	101	54	92	36	102	30	23	104	4	104	106	60	42	91	28	109	27	74	86	88	12	59	124	124	18	87	40	111	21	92	17	97	66	63	18	76	64	32	75	70	15	4	108	21	32	39	119	38	12	2	69	17	68	26	73	73	55	72	15
54	39	100	34	7	41	63	90	39	51	39	105	94	25	84	78	50	88	37	60	60	26	115	7	59	107	66	39	46	116	33	95	17	14	82	43	73	105	70	37	90	11	90	89	99	15	24	54	91	118	35	120	65	87	91	64	108	70	38	114	2	28	22	90	83	54	73	114	11	46	54	109	117	78	49	20	113	121	70	84	102	29	115	55	94	26	57	95	96	9	20	103	76	76	75	12	34	122	25	51	36	52	28	119	120	75	46	108	94	110	113	54	32	111	28	23	64	109	90	12
69	43	63	117	30	100	81	124	40	3	43	110	73	60	118	110	27	18	103	13	54	15	52	107	70	105	110	51	41	113	26	89	14	86	118	78	27	28	20	53	121	122	42	7	25	35	64	57	7	101	55	35	104	49	88	9	16	37	119	56	118	118	70	27	2	22	54	56	103	37	89	97	59	107	28	88	122	116	55	13	73	76	23	81	43	36	100	44	13	116	86	69	68	8	68	69	35	55	98	86	92	73	88	49	97	34	74	95	82	55	18	83	29	36	103	10	123	51	97	88
62	94	43	116	10	68	27	72	44	72	70	70	95	23	104	30	55	76	73	82	25	20	34	64	67	44	121	35	13	32	34	117	69	73	125	106	18	124	121	108	76	51	57	48	87	86	24	15	80	120	54	37	90	32	25	80	100	85	33	51	68	81	17	15	77	25	6	47	16	63	17	93	111	46	33	41	45	53	15	81	23	59	100	80	8	33	14	85	4	46	60	8	15	44	64	8	64	28	34	41	51	63	15	124	6	13	104	57	102	53	97	115	3	50	6	3	96	115	18	77
110	123	48	11	76	35	82	27	48	100	112	62	81	112	72	54	31	37	75	82	73	76	115	84	33	117	70	53	9	11	51	44	108	19	30	77	21	28	87	44	121	85	113	13	58	25	13	93	101	62	119	115	65	93	7	60	100	86	122	64	116	41	95	92	7	97	115	115	4	83	80	109	29	29	5	69	32	45	66	60	49	97	123	63	94	78	28	21	84	26	27	62	43	111	99	8	110	36	77	110	24	8	69	110	52	15	60	15	88	30	103	13	21	19	96	65	69	81	120	72
81	39	13	88	91	67	49	96	5	39	59	115	57	66	31	77	59	101	108	123	15	51	26	71	18	67	69	87	17	57	28	72	35	67	26	39	98	8	47	20	82	45	89	19	65	36	22	97	119	18	35	62	87	73	60	63	51	7	44	3	103	115	105	113	98	111	34	27	78	56	95	110	6	125	42	52	74	4	51	122	27	16	115	59	71	18	17	119	71	113	43	81	33	28	41	6	77	54	14	85	118	58	81	67	116	105	114	45	44	81	82	121	77	78	76	118	6	68	98	72
52	16	88	65	98	104	90	59	27	118	91	5	74	32	119	108	7	63	88	22	46	61	17	82	46	31	16	56	19	4	64	68	49	84	43	77	85	57	19	69	31	29	96	48	69	19	59	65	121	113	105	34	36	34	13	30	19	10	114	90	80	59	122	76	67	49	94	110	79	61	96	50	112	99	41	39	45	33	9	47	113	45	83	7	107	41	24	85	53	11	86	107	41	93	45	61	94	106	90	2	38	55	71	67	59	86	61	16	5	39	77	89	48	40	120	2	105	86	20	17
91	56	99	38	19	23	79	23	83	117	37	63	34	31	43	14	48	93	80	32	78	50	115	122	120	28	46	9	116	114	28	95	72	11	55	118	29	91	17	98	12	46	50	49	7	114	35	56	105	24	37	76	15	30	72	67	113	21	90	123	12	32	9	102	38	52	98	106	30	13	105	12	73	94	74	54	111	100	91	3	30	104	96	82	82	19	3	17	115	40	38	56	118	109	75	123	98	101	64	4	60	92	101	68	107	8	115	74	85	4	4	123	24	113	19	7	4	27	37	21
15	125	121	86	117	65	118	12	55	56	81	102	71	43	41	51	52	22	41	70	52	88	20	55	124	75	40	92	117	108	56	50	84	57	46	69	16	22	4	49	5	85	52	96	42	78	24	102	93	58	39	33	38	42	35	53	45	33	55	115	62	117	112	2	85	79	80	37	79	77	20	16	72	65	96	66	111	51	11	48	114	83	34	37	83	45	102	4	71	62	94	9	65	82	83	41	113	25	72	122	119	121	70	49	3	94	91	105	46	107	48	100	6	112	70	36	105	113	98	24
32	94	111	90	20	102	121	12	114	50	105	118	106	75	120	68	26	48	100	53	63	106	122	89	122	74	22	60	63	22	45	124	60	55	125	31	27	106	98	31	47	34	122	28	93	113	51	24	15	53	11	123	101	38	2	118	55	89	100	80	17	75	84	113	114	2	64	73	107	111	124	120	52	52	3	47	49	25	98	103	12	96	40	104	115	57	120	57	14	48	103	115	44	107	80	101	50	78	72	100	100	33	55	21	47	49	69	24	97	117	121	68	124	49	123	63	28	81	23	99
109	10	78	34	105	62	15	42	17	23	105	123	97	61	58	7	59	114	88	75	51	103	30	65	94	111	109	117	45	26	15	95	114	40	117	70	60	50	97	106	45	31	92	62	85	112	56	8	80	32	111	30	11	2	63	53	68	124	56	52	35	89	22	72	56	7	120	119	32	122	29	77	58	16	104	21	124	20	98	7	11	55	72	91	69	42	74	20	120	103	116	70	7	72	16	85	81	2	75	111	29	95	95	95	69	22	56	27	36	111	83	110	84	11	35	93	49	123	24	105
102	62	123	68	63	29	98	57	80	100	36	14	38	66	114	6	106	37	123	114	58	23	13	2	107	80	3	61	52	115	32	97	98	21	109	61	52	75	11	11	86	30	115	83	61	118	108	122	67	12	115	18	66	31	87	49	13	103	31	19	45	82	122	123	69	15	93	78	18	68	24	116	88	45	18	68	95	110	67	81	64	79	74	43	122	119	46	28	62	55	79	122	95	50	45	102	106	118	90	58	64	41	58	120	93	49	26	90	109	42	30	70	42	56	37	59	55	46	110	30
9	54	5	33	98	81	110	35	66	17	85	38	4	70	64	6	40	65	30	56	120	119	71	118	72	78	120	17	6	75	42	87	75	49	38	24	84	15	108	58	56	33	114	94	10	115	36	21	27	13	95	41	29	51	10	35	74	86	26	42	95	77	25	102	39	31	41	46	68	63	45	100	74	103	91	80	53	71	118	56	9	48	107	50	64	99	52	82	78	43	10	22	99	16	42	31	64	68	6	14	20	11	103	26	117	111	8	83	51	49	20	103	104	71	114	109	109	77	69	33
122	10	62	28	76	119	11	56	8	62	39	76	20	105	4	12	96	100	18	92	121	98	124	30	106	58	114	93	14	92	3	100	27	105	35	4	7	46	31	86	27	39	32	46	51	22	100	80	29	36	38	5	55	112	92	3	116	77	71	119	12	59	52	63	89	105	121	25	38	109	20	95	74	76	90	68	39	123	63	2	98	50	58	65	113	23	25	84	43	46	119	114	79	17	67	75	62	87	27	29	81	26	31	94	78	2	10	33	107	49	90	70	64	43	93	60	22	113	92	82
81	7	84	56	9	27	55	55	64	56	91	62	59	107	115	25	86	74	47	6	62	79	10	58	2	70	58	42	38	9	83	93	50	111	109	34	31	85	20	50	69	91	29	15	79	58	72	115	96	43	48	18	13	10	125	6	86	28	42	12	43	39	62	23	109	76	73	94	78	92	56	78	22	71	98	7	99	26	86	93	5	20	11	18	45	24	11	83	44	78	92	60	42	56	102	94	42	36	32	59	69	60	76	65	102	45	60	16	60	25	32	19	21	6	36	6	30	79	105	49
119	29	66	79	93	17	50	81	81	78	69	98	77	84	50	27	115	61	114	94	2	11	22	96	10	118	46	121	108	110	84	43	34	32	116	73	24	13	111	38	58	4	16	43	15	15	105	38	1	54	18	125	18	101	102	27	3	113	30	85	6	82	43	73	44	98	90	63	77	69	55	11	121	58	113	18	52	22	66	117	95	17	63	28	76	70	116	120	59	3	40	123	47	58	77	93	61	79	11	121	41	7	121	46	18	18	35	73	19	8	47	30	98	78	44	44	49	68	65	28
39	116	42	66	124	99	57	99	91	12	109	49	67	125	14	30	56	47	2	87	30	29	32	58	29	60	84	46	19	117	63	48	12	39	55	15	9	61	125	14	4	55	89	63	6	121	9	57	101	41	38	15	115	45	13	116	48	28	47	112	59	11	40	4	33	24	121	14	124	60	108	97	92	54	92	116	52	104	13	73	105	42	101	32	46	47	84	67	98	100	15	68	23	9	25	112	100	3	99	101	6	88	117	31	49	109	37	89	10	24	56	26	113	79	51	86	90	81	48	27
31	85	56	59	71	102	108	63	44	48	120	74	34	16	106	119	3	43	65	29	3	27	80	89	34	100	43	68	117	108	37	19	100	96	94	37	104	125	85	124	8	40	38	62	12	66	38	46	14	3	12	111	9	87	9	44	9	48	42	29	19	9	50	48	22	35	3	26	44	7	110	123	95	50	35	66	62	83	97	27	20	108	36	13	95	50	116	108	30	5	52	90	119	68	99	51	107	36	76	85	15	100	29	84	95	121	91	110	47	98	73	45	52	74	103	72	77	31	106	7
5	60	117	86	23	30	113	71	84	104	111	110	60	6	90	43	71	82	24	93	15	50	65	70	79	119	5	113	110	92	45	98	109	31	29	110	53	50	64	6	79	87	78	50	17	73	61	20	103	20	117	101	52	76	121	75	94	119	105	46	43	105	48	33	35	34	87	25	75	113	13	34	47	107	70	99	66	85	98	55	21	30	83	22	74	41	116	35	9	121	44	62	35	69	48	90	46	108	77	2	22	15	66	88	2	73	16	93	14	22	34	1	89	25	38	113	80	86	45	23
96	107	35	63	19	119	15	4	11	120	51	62	50	8	106	94	83	84	13	8	11	25	77	123	71	60	29	13	5	2	10	71	79	77	62	22	89	15	54	61	71	103	53	101	9	101	103	72	93	120	56	66	117	30	98	3	102	96	94	66	116	55	42	17	88	112	89	97	78	36	56	125	76	125	114	98	28	16	108	94	10	107	87	6	109	82	117	88	116	120	51	90	73	44	112	65	99	119	106	61	33	39	94	96	72	2	76	51	34	54	40	84	27	95	17	103	39	35	78	75
27	34	61	41	112	36	44	47	102	101	83	23	122	107	26	106	31	90	74	92	102	6	92	118	104	65	28	115	82	42	64	103	85	87	17	31	115	122	108	51	120	47	20	20	29	54	124	79	11	10	53	26	13	109	114	6	64	32	91	64	13	45	114	29	61	1	1	115	124	16	62	92	10	61	38	42	49	96	49	32	107	63	30	117	10	15	68	123	29	101	123	122	13	96	27	122	99	49	20	51	102	46	24	95	99	18	62	20	116	104	13	6	57	77	115	120	89	20	91	77
88	32	98	44	45	27	17	67	7	119	58	3	122	57	113	78	30	17	45	28	97	52	26	60	47	78	83	82	31	100	96	120	91	50	58	45	96	28	118	68	62	105	71	119	78	53	25	1	43	14	28	34	102	103	3	99	108	14	12	115	69	115	65	68	34	48	118	30	115	50	2	79	95	97	83	50	74	9	14	53	87	80	87	92	117	106	40	12	124	5	51	53	89	65	97	51	15	46	99	122	95	5	74	84	87	41	19	121	52	22	30	15	71	48	26	123	76	49	123	84
32	2	122	46	19	64	28	106	106	30	8	108	2	81	74	104	7	40	48	39	108	24	77	78	92	30	65	65	11	71	63	125	22	28	46	66	99	14	48	98	64	3	19	62	76	89	60	25	25	38	58	120	91	32	99	55	74	41	3	92	52	3	21	14	86	6	97	15	121	106	14	9	48	4	17	92	36	114	53	95	104	71	17	61	119	60	19	11	15	38	6	122	71	3	10	70	100	22	90	90	90	24	41	81	90	11	68	72	45	26	89	48	90	111	58	89	13	8	78	75
114	3	6	109	79	77	54	80	28	10	71	90	83	46	111	59	92	52	24	43	4	100	82	111	114	46	97	36	39	82	93	44	29	4	2	103	4	64	17	62	15	77	44	55	9	75	42	49	52	73	117	69	5	55	6	71	65	116	55	38	55	3	92	78	67	110	115	71	112	47	74	29	5	105	10	89	107	10	102	85	4	102	114	101	80	76	25	110	59	7	47	66	19	5	109	70	60	5	113	92	68	46	117	93	83	30	11	31	93	41	10	43	54	114	58	46	61	110	90	31
56	95	91	21	75	25	45	27	103	15	115	5	119	50	51	57	19	45	29	61	9	119	77	7	102	111	94	93	115	25	36	21	21	103	14	112	73	48	8	21	41	105	109	50	61	114	95	85	9	2	2	59	108	114	70	95	113	70	63	31	32	17	89	66	70	83	32	67	31	114	102	67	121	120	46	108	33	67	35	84	19	67	12	80	10	69	45	99	26	57	19	100	18	70	74	102	83	56	51	83	8	6	49	70	105	16	71	11	45	112	67	95	48	34	63	95	16	61	77	17
33	103	13	5	8	99	61	104	116	61	10	108	35	41	48	76	11	17	119	41	46	62	96	28	67	16	90	73	44	93	85	60	115	4	32	30	21	71	71	45	22	58	106	109	9	63	93	24	60	75	34	87	117	88	98	8	8	110	72	82	40	41	27	48	38	77	66	62	118	97	32	108	30	113	46	79	35	23	61	105	53	52	21	104	88	18	54	38	122	117	89	17	80	87	54	53	33	110	33	42	18	72	26	29	21	36	46	11	11	72	80	102	44	3	21	106	96	12	10	55
59	11	7	100	107	124	21	63	92	91	120	82	13	112	121	61	97	100	45	48	18	111	57	56	105	113	33	58	60	70	94	60	109	48	122	21	3	116	111	54	79	72	21	90	94	110	97	41	77	26	102	44	102	72	12	60	17	17	107	57	51	22	91	89	73	114	41	35	94	12	18	3	44	115	123	96	19	103	19	74	25	100	19	21	22	33	1	42	5	47	24	35	124	21	102	31	22	28	116	20	86	29	121	70	40	74	30	72	19	44	52	45	98	49	84	18	6	78	12	110
38	122	74	7	123	109	20	2	6	94	41	50	24	108	54	23	71	122	57	7	60	90	29	43	85	27	56	66	16	86	9	15	50	29	121	24	103	123	40	35	2	84	56	28	30	19	76	100	103	123	73	35	82	90	112	57	32	116	121	24	28	112	100	7	31	21	79	19	5	77	12	41	95	62	89	37	69	107	55	87	63	14	105	39	102	80	53	61	104	17	31	111	115	27	107	102	71	16	92	37	60	108	16	112	67	45	59	27	62	3	122	93	55	31	118	123	101	65	42	81
90	25	47	33	18	2	26	76	103	37	23	74	69	31	47	17	59	16	78	54	78	91	109	8	72	39	110	48	93	25	20	13	32	47	38	111	15	94	85	28	22	60	103	56	116	77	26	19	47	56	36	77	92	48	40	113	42	90	73	64	67	68	50	106	62	44	111	122	19	26	111	8	20	8	52	19	15	67	84	103	89	87	115	108	97	33	106	65	51	111	113	118	1	95	8	52	39	64	91	52	124	36	87	62	69	85	22	76	12	81	102	115	63	95	89	86	94	117	114	66
92	58	73	86	48	72	73	47	3	98	33	21	58	39	19	16	34	53	94	12	80	95	61	67	121	1	18	48	3	64	104	112	20	10	83	71	32	95	6	101	50	90	31	86	70	94	67	101	119	13	22	72	45	113	104	10	26	78	67	61	67	102	86	14	116	76	99	116	41	99	110	19	91	45	82	101	93	96	64	78	34	45	6	90	111	100	54	47	97	83	8	59	120	72	55	122	40	105	30	25	3	68	68	90	40	39	47	60	77	10	37	25	33	103	65	22	29	72	123	5
13	50	116	119	106	33	59	118	87	120	72	97	102	15	81	33	13	5	5	62	78	13	10	38	74	72	94	107	97	50	10	93	5	24	5	4	98	123	67	16	82	76	83	110	33	3	68	45	122	40	28	83	120	85	3	85	9	112	115	5	16	102	67	118	96	50	27	39	61	8	106	57	118	80	39	95	53	103	62	52	43	56	2	8	124	117	36	49	61	85	3	43	123	114	3	45	81	37	21	71	83	115	15	10	94	44	80	98	91	35	2	71	45	67	79	1	25	16	77	36
10	13	32	9	13	41	10	112	96	95	9	24	2	10	115	75	65	72	111	24	79	89	58	54	80	42	12	86	24	20	76	43	22	85	9	125	54	110	76	25	100	35	43	45	44	119	52	81	40	47	65	54	120	22	42	67	113	66	92	23	89	64	109	95	112	6	5	19	30	24	45	16	102	96	113	70	87	15	21	68	16	24	48	109	25	26	9	13	70	68	62	119	19	38	121	99	90	118	41	28	56	14	12	81	47	83	48	119	67	44	62	33	23	11	58	86	117	33	114	109
63	28	29	115	104	115	118	68	15	118	81	62	17	74	48	22	52	49	18	12	90	50	120	96	8	92	109	109	69	2	41	124	21	15	10	80	78	91	118	32	112	58	40	38	63	123	24	97	102	66	115	116	71	69	7	102	87	98	60	33	59	74	63	37	51	70	6	77	47	14	5	70	105	65	106	96	71	83	67	102	101	33	50	49	38	49	17	67	104	55	19	122	20	10	38	90	3	6	39	58	11	109	58	86	119	59	2	112	13	7	68	63	116	45	113	107	121	43	24	30
29	25	24	75	121	2	97	45	115	52	56	72	55	81	94	112	14	95	67	122	70	98	1	97	66	3	69	78	12	71	27	101	8	106	59	79	43	47	114	122	119	8	101	60	85	103	114	21	65	13	110	9	110	45	58	48	36	100	78	82	88	116	122	117	79	65	84	24	124	37	63	76	41	35	53	54	93	84	103	27	56	97	32	75	33	70	102	59	17	100	95	104	61	90	15	50	79	110	51	118	23	123	41	12	20	58	59	48	4	121	104	3	81	18	47	109	99	23	109	21
16	75	36	50	25	72	26	106	60	26	48	95	15	40	63	57	19	15	9	77	76	26	71	20	115	78	31	94	29	13	39	47	61	38	88	34	87	123	67	92	110	113	118	16	31	47	4	14	60	76	71	55	102	114	79	109	85	118	36	3	5	97	106	98	85	109	58	69	116	20	41	71	56	94	68	66	27	48	82	4	67	68	103	106	108	124	15	96	13	13	102	14	2	7	52	35	16	38	76	46	114	96	125	94	119	34	95	45	47	79	97	8	31	16	51	24	76	46	1	31
85	75	17	101	35	37	12	105	11	90	84	99	111	114	105	6	9	61	53	44	76	70	28	111	120	100	81	18	53	38	28	111	29	107	102	54	42	98	62	116	65	111	101	42	82	7	93	90	121	24	60	39	12	15	120	56	73	52	33	9	57	77	122	71	69	92	118	111	112	95	88	52	62	122	53	107	15	116	74	56	86	114	122	90	26	101	108	107	56	17	14	88	54	84	101	37	79	91	6	19	49	34	85	32	42	95	99	12	28	87	51	102	103	100	56	70	46	6	67	98
68	78	100	68	100	71	18	92	41	103	29	109	81	115	95	18	64	112	55	114	2	70	55	86	66	22	48	27	31	78	5	71	32	95	72	120	52	3	76	3	75	92	7	84	10	10	19	64	100	123	58	122	2	22	7	34	93	91	92	3	101	84	85	90	41	18	83	73	56	45	46	106	71	76	120	19	58	53	62	76	75	105	121	60	98	79	47	18	109	81	52	114	32	63	35	90	55	35	47	109	48	4	117	20	5	15	11	17	14	102	110	93	46	96	100	26	27	108	47	104
31	22	102	82	14	39	113	83	103	23	67	41	74	101	96	42	15	41	39	93	107	80	11	27	88	80	96	42	118	64	54	48	48	88	37	113	42	102	9	62	67	121	15	72	26	76	53	23	48	105	125	52	45	117	123	100	54	22	118	88	66	24	34	59	54	35	44	31	109	104	82	96	124	9	29	7	100	1	88	23	85	18	82	71	21	57	16	112	93	13	52	42	48	5	67	90	82	35	51	107	62	40	117	106	20	108	56	53	62	85	81	109	6	73	74	76	44	33	80	40
15	124	27	63	6	2	65	26	64	13	82	41	90	47	86	96	98	82	65	70	12	32	125	93	74	56	13	67	16	24	69	95	112	8	59	96	68	107	115	96	90	20	96	97	47	89	45	69	69	83	19	30	53	37	114	47	62	96	60	65	9	56	122	115	38	15	71	50	18	33	68	4	10	4	61	33	121	92	44	9	93	125	2	66	91	99	25	6	55	45	11	26	115	119	88	32	70	37	87	46	101	30	101	113	101	98	54	30	44	50	23	116	100	79	62	15	21	55	76	103
115	88	66	20	74	76	52	44	112	64	28	120	12	117	98	71	34	34	24	70	93	86	10	110	116	45	12	70	36	98	44	115	99	116	95	50	81	89	11	41	85	48	25	18	37	121	56	53	24	49	39	2	82	89	61	63	104	69	82	116	40	18	44	121	49	35	110	81	2	97	121	115	45	19	101	13	27	41	90	110	13	75	32	19	119	29	24	70	119	125	45	13	42	85	78	116	46	46	85	31	5	103	63	31	62	63	14	25	22	98	71	125	81	83	17	51	103	115	119	78
11	91	72	114	28	12	71	98	70	51	47	98	88	121	8	60	108	7	17	44	78	17	123	77	68	19	92	28	70	92	52	64	115	96	10	79	120	48	105	83	35	76	77	22	91	47	19	18	123	70	14	44	37	90	48	40	18	69	22	54	20	85	104	6	44	30	8	37	48	86	119	106	95	96	65	39	102	104	35	111	51	99	86	35	17	96	23	1	96	33	8	102	77	81	32	4	51	6	98	71	94	51	79	60	42	88	13	120	12	32	111	22	36	69	60	64	16	50	84	15
53	21	16	61	31	114	102	38	18	26	14	73	107	20	61	78	36	23	71	66	15	4	34	87	96	94	64	62	53	3	35	123	33	4	69	87	20	25	100	65	40	13	36	99	110	88	16	90	83	40	40	42	18	74	11	89	78	47	40	80	119	77	103	94	21	12	117	108	2	123	93	53	123	48	118	11	87	26	116	25	87	55	104	99	21	2	94	90	74	89	103	87	62	4	59	45	36	12	55	87	25	4	45	104	87	111	76	5	117	11	95	92	71	49	39	51	70	61	74	74
28	105	119	46	107	56	53	120	76	124	124	69	50	112	52	94	29	8	56	28	47	47	41	40	88	58	107	69	83	112	49	74	39	44	100	87	2	39	25	119	45	92	46	60	45	8	101	48	36	30	47	90	20	16	119	40	48	58	82	2	64	73	88	20	83	84	102	112	13	121	125	41	65	93	115	26	40	37	66	72	23	121	84	103	45	116	19	28	27	56	96	64	33	88	54	113	53	122	120	11	74	8	59	3	42	18	88	11	88	46	105	62	106	88	105	10	113	6	84	96
6	70	34	29	3	101	85	85	62	53	65	34	27	101	1	62	28	124	67	70	60	82	118	97	51	36	62	40	84	118	41	116	93	65	52	99	19	16	62	105	87	89	116	57	90	78	91	73	105	111	103	43	6	124	68	66	51	94	89	29	48	120	5	36	10	78	21	14	116	40	107	16	20	62	74	50	80	39	113	37	27	114	124	118	95	117	7	40	73	92	124	82	50	73	92	60	33	54	90	55	63	52	54	66	25	36	121	108	34	32	114	19	16	84	28	43	61	78	48	19
74	3	41	42	114	76	19	107	75	38	124	41	7	83	117	98	65	81	83	44	84	34	64	122	76	38	2	89	116	25	5	97	111	100	27	74	79	65	52	85	20	25	56	110	99	26	42	87	59	88	93	56	73	2	4	61	72	40	34	15	52	3	98	12	86	85	3	42	114	61	89	99	98	32	65	72	23	34	31	43	26	42	100	28	81	45	37	9	109	122	97	103	50	118	101	32	49	10	54	110	41	119	89	7	86	21	96	46	111	10	97	96	56	18	39	35	18	94	95	22
54	23	43	3	84	4	121	59	34	74	112	58	27	66	43	27	69	29	9	27	24	115	100	65	111	27	116	30	21	124	55	111	49	45	59	2	46	53	88	116	112	83	54	2	38	38	62	111	118	18	63	111	97	103	47	78	65	12	6	70	67	35	7	63	58	93	14	92	103	79	88	91	6	15	56	15	108	10	10	72	102	6	47	49	99	87	29	68	13	31	32	78	39	95	14	106	123	28	117	27	4	91	36	12	19	43	58	8	93	57	77	20	27	106	26	48	33	91	54	84
107	21	39	66	55	81	41	23	55	82	92	114	103	13	65	17	49	56	66	6	46	123	75	18	27	87	114	105	55	76	10	61	2	62	84	47	108	113	33	104	98	20	114	18	91	113	29	53	31	100	99	106	104	101	48	33	36	56	114	14	57	54	17	117	116	20	8	108	118	4	63	13	35	53	52	53	124	21	72	101	84	30	39	122	97	119	64	86	41	108	11	58	79	102	81	41	46	19	117	41	34	30	72	75	118	7	59	60	54	25	13	86	11	104	75	22	86	61	60	36
14	66	32	96	41	22	48	23	50	46	32	94	31	106	81	43	55	90	36	45	58	5	36	107	29	97	54	120	73	82	26	37	64	110	106	96	29	80	89	43	71	78	45	29	6	23	124	117	110	91	80	122	29	111	23	101	75	107	83	106	10	52	121	125	113	2	114	96	79	100	68	14	98	90	90	27	109	12	4	94	71	49	35	72	11	47	49	122	105	35	7	68	110	69	92	83	96	38	36	52	4	11	16	37	54	97	122	38	92	83	79	98	70	65	70	35	19	20	62	84
18	89	76	37	19	6	16	77	82	120	34	119	27	122	100	80	84	18	94	116	106	47	77	21	52	21	54	96	93	13	13	29	21	29	77	99	85	65	106	77	74	7	31	124	123	48	104	57	60	98	120	17	9	103	43	51	28	54	78	76	79	30	46	45	39	18	36	45	98	82	97	25	37	23	76	109	93	24	61	88	45	59	22	95	86	1	10	80	63	3	121	9	11	13	56	75	33	53	29	16	100	85	116	59	96	50	116	106	106	109	124	58	106	100	32	112	3	115	46	96
102	20	37	104	73	116	99	12	104	50	19	22	65	62	92	110	19	40	105	82	8	26	28	40	25	5	119	52	32	50	96	122	105	100	72	25	3	89	63	97	38	8	16	64	46	5	56	9	21	35	54	118	115	110	80	106	83	73	35	13	58	67	118	20	95	115	11	84	118	93	53	63	49	51	15	35	95	32	9	118	59	82	6	119	114	82	110	46	104	108	45	1	111	30	108	112	84	56	55	77	100	105	85	39	97	28	9	13	17	102	14	84	22	80	108	58	67	90	108	35
22	23	31	60	8	84	98	36	108	86	76	121	24	64	111	117	95	12	20	45	118	85	100	29	28	73	115	114	38	53	86	12	33	106	90	14	123	22	116	68	29	13	54	38	72	122	48	120	59	118	23	94	97	57	37	84	39	68	6	97	62	99	101	20	80	98	51	35	13	24	14	111	63	14	102	69	48	102	124	67	19	54	77	29	81	67	93	125	69	102	50	121	124	121	93	11	81	76	82	97	25	47	51	102	69	20	83	95	90	85	110	98	116	6	49	110	52	44	123	64
53	48	72	54	89	65	68	114	55	116	94	63	45	37	34	81	42	94	121	115	80	103	118	108	51	92	31	30	18	30	108	47	82	54	35	68	123	51	53	115	19	52	69	101	123	122	73	56	24	26	8	13	17	95	57	112	96	89	5	120	64	64	63	122	44	15	23	44	40	7	108	23	34	115	108	55	42	48	79	26	60	124	123	29	4	2	95	65	26	21	76	58	110	58	121	57	119	10	9	78	89	124	6	9	12	14	44	71	75	22	100	103	30	124	61	96	55	93	59	35
100	30	56	53	3	114	125	122	7	25	108	12	91	54	94	59	33	108	12	106	111	36	22	89	111	45	17	5	48	47	44	119	60	86	125	51	104	111	48	111	76	18	116	53	59	61	47	86	30	3	104	90	108	95	87	85	52	99	79	42	110	39	89	13	82	101	31	54	31	106	11	75	48	15	67	19	119	2	43	26	118	64	12	44	107	42	47	33	6	118	95	92	27	41	35	41	63	8	56	56	111	86	121	42	109	100	84	91	38	45	118	106	4	109	67	75	53	104	94	15
57	35	37	57	85	63	5	8	31	77	63	74	10	121	94	36	89	2	87	51	41	47	119	107	20	59	80	73	47	104	27	30	115	74	6	108	118	115	9	10	55	79	96	49	16	59	4	101	86	63	60	38	123	17	2	7	48	76	60	9	79	101	95	30	38	69	25	66	12	55	41	97	61	35	19	86	7	86	95	99	41	2	102	48	105	52	101	55	108	60	78	4	90	114	20	36	16	61	119	85	119	110	8	57	64	18	92	83	105	116	24	92	122	47	41	19	89	124	93	28
12	123	20	110	34	110	19	19	57	51	116	40	21	23	87	122	54	96	99	92	20	123	73	27	76	13	112	21	118	103	15	60	29	51	82	30	46	77	88	7	76	96	97	13	44	3	69	124	66	109	112	82	91	101	8	120	38	89	12	93	26	82	46	121	28	125	30	92	120	44	7	115	106	18	33	67	114	33	35	78	94	50	47	72	55	55	43	66	29	43	32	26	32	77	2	69	67	55	91	75	97	64	10	100	32	121	103	28	92	118	117	22	114	20	53	19	90	83	58	31
66	34	112	47	111	26	77	104	14	78	86	95	65	114	55	48	20	26	6	103	61	82	29	38	115	105	82	64	50	33	11	78	76	118	65	61	49	111	107	80	105	72	56	83	73	87	18	7	54	55	20	96	76	86	113	58	11	78	19	109	100	21	12	48	48	85	86	125	39	118	96	24	19	52	6	62	93	43	20	66	35	101	92	59	5	6	33	53	59	79	80	92	119	56	115	120	45	73	37	86	49	120	4	59	7	94	79	80	105	20	77	12	81	95	65	43	15	16	25	12
20	8	86	125	20	89	95	98	83	114	61	78	83	30	4	103	18	109	53	6	34	1	43	36	16	25	74	39	121	109	40	123	4	10	41	15	44	7	79	43	114	37	122	10	34	54	19	83	77	32	103	15	83	40	51	105	80	46	73	87	20	73	119	13	30	22	67	22	22	91	75	29	81	14	124	105	112	33	112	8	17	38	13	4	5	104	42	69	59	116	12	109	22	24	66	27	114	36	39	16	71	29	30	88	88	35	111	52	60	26	27	33	24	44	77	27	67	77	37	119
29	92	116	48	42	56	97	70	123	31	97	19	44	16	77	8	33	42	120	9	77	53	88	57	89	17	33	40	30	92	79	43	104	90	1	44	104	8	3	9	117	66	110	73	16	29	33	116	8	83	38	38	11	1	3	39	60	19	89	12	80	71	91	59	103	44	42	69	9	25	106	13	13	102	41	10	12	68	112	123	111	11	117	121	125	23	55	98	57	15	40	93	90	15	90	17	39	42	11	44	63	42	115	26	97	103	104	9	34	120	71	123	62	53	100	69	36	59	11	7
44	6	41	42	69	111	120	48	91	64	32	65	84	53	72	106	88	95	36	54	47	101	83	90	21	107	66	76	112	125	20	106	118	64	59	101	20	61	57	2	4	107	9	99	98	5	53	96	50	81	78	93	95	94	119	41	5	44	4	46	104	7	3	4	23	80	51	7	47	89	3	118	57	89	116	58	36	83	54	102	50	104	60	69	17	119	108	10	104	55	111	110	91	6	43	16	106	24	52	62	62	6	29	38	121	35	50	95	125	107	34	22	104	64	2	70	64	30	61	94
62	57	45	41	29	5	123	15	92	43	8	27	9	44	5	123	8	40	46	2	24	76	98	103	8	56	79	90	4	22	10	87	57	103	99	41	107	75	59	97	77	8	77	56	5	62	21	97	81	88	16	80	86	113	108	76	94	23	104	2	13	3	18	41	46	96	125	95	22	18	101	97	61	124	17	94	86	96	115	116	34	102	17	65	51	91	77	85	52	16	116	107	65	65	14	123	73	115	107	100	61	81	49	74	4	105	105	19	49	80	61	83	29	104	76	57	112	45	88	76
7	45	49	25	108	97	100	91	57	73	48	109	69	70	81	49	74	7	29	89	31	88	81	124	21	76	102	123	8	99	2	94	45	81	10	18	19	116	116	29	80	24	112	3	85	67	67	83	46	75	79	108	103	62	92	78	112	56	94	47	70	104	44	5	10	116	23	98	93	8	124	64	114	3	18	106	97	94	50	100	19	28	12	117	48	116	80	46	46	51	1	82	43	53	80	123	40	51	12	118	100	87	102	7	17	109	99	83	81	61	116	20	24	51	55	59	24	20	103	56
28	15	10	114	72	80	5	9	119	14	96	104	29	76	81	103	122	112	78	9	43	123	60	40	36	116	12	22	124	48	82	97	109	28	6	107	52	85	69	5	31	79	64	82	50	99	6	53	20	47	77	35	53	3	96	125	37	17	60	88	74	18	115	5	65	112	61	26	56	104	2	27	49	18	80	36	58	15	42	23	14	95	103	55	24	81	41	27	60	4	34	69	19	65	121	42	73	91	12	37	59	120	103	70	19	65	98	73	85	109	32	85	106	25	76	54	85	56	32	53
111	34	17	47	119	30	75	45	88	29	65	11	86	104	2	56	69	116	1	93	56	117	94	81	62	84	100	76	38	19	78	59	27	60	35	88	8	2	114	104	116	113	103	76	77	83	52	74	116	13	65	50	70	85	25	109	55	99	88	27	49	85	116	114	8	41	58	42	120	37	53	78	72	74	112	90	115	60	20	4	83	33	11	25	67	112	102	63	60	82	64	124	55	31	108	96	125	8	62	98	111	97	70	80	54	102	8	120	57	38	17	97	108	119	85	8	25	80	30	110
119	84	13	94	51	20	61	37	113	13	75	61	99	52	51	33	116	93	66	94	19	106	50	101	56	82	60	118	102	64	65	7	5	72	58	37	113	111	66	88	89	66	65	6	104	53	60	108	52	98	66	21	28	37	78	70	29	95	21	67	108	21	82	8	94	107	47	94	95	45	95	86	56	104	59	57	23	107	17	15	48	17	2	106	86	10	123	62	11	18	90	37	21	124	91	39	124	65	20	120	111	47	40	35	5	37	32	111	19	123	122	34	60	86	9	39	35	59	86	31
124	67	14	103	43	94	62	46	50	94	51	70	114	101	103	58	12	67	10	8	85	80	22	119	32	97	6	11	11	33	84	30	88	7	4	60	61	99	92	91	91	81	81	61	6	98	71	85	85	95	86	114	120	95	102	115	119	62	4	75	63	64	86	47	77	6	84	8	25	48	24	31	14	3	11	57	26	17	37	57	54	3	7	103	96	56	54	54	95	107	16	79	11	113	95	68	85	24	120	93	50	47	70	83	75	78	47	94	100	12	4	97	51	76	118	5	72	111	61	14
63	90	99	54	13	103	46	98	46	21	110	35	33	50	84	54	8	87	123	123	42	35	71	79	55	15	101	21	68	90	118	55	3	106	54	35	113	38	85	110	10	119	62	119	112	2	88	101	32	94	36	85	27	116	98	90	117	95	85	21	100	28	18	36	80	93	29	73	31	111	76	70	2	60	90	75	72	73	79	13	61	70	80	66	7	100	48	70	68	70	45	41	80	28	46	96	33	46	95	67	11	102	41	20	55	97	108	36	124	63	92	61	15	62	48	10	94	33	69	124
58	118	77	103	46	78	10	27	24	104	107	97	15	54	36	50	36	30	80	91	72	74	3	45	76	47	9	32	71	76	51	42	125	59	62	72	112	86	89	62	96	26	38	65	19	64	101	46	7	93	86	117	8	123	81	45	42	81	56	16	18	106	13	120	62	115	65	119	106	112	28	103	30	98	2	69	93	48	74	71	38	5	43	97	52	87	67	115	54	55	46	108	87	101	64	120	58	122	38	24	66	82	50	106	124	26	83	58	34	114	79	4	112	56	46	115	19	44	71	37
113	51	103	62	77	9	4	89	25	63	20	32	88	69	24	120	4	121	30	27	30	85	120	85	78	112	101	58	12	23	82	33	21	45	106	109	86	117	3	96	84	6	82	79	96	12	85	13	26	37	85	75	94	48	6	122	106	8	48	113	113	94	51	26	82	32	101	109	48	85	14	88	28	94	94	44	33	123	94	21	103	3	41	7	120	48	105	55	79	72	111	4	26	45	59	39	40	2	53	6	18	32	83	30	2	40	82	8	15	50	118	68	122	97	107	33	33	69	35	29
97	51	114	46	23	99	107	42	32	115	66	15	56	15	108	5	7	48	109	92	40	79	118	66	58	14	97	32	14	52	51	116	70	95	92	25	27	40	7	107	13	31	24	105	20	62	55	102	121	114	63	19	74	63	28	93	41	55	43	15	62	21	15	39	53	95	65	39	66	113	23	51	69	104	90	32	96	6	24	40	93	122	118	32	104	124	36	2	22	41	116	44	49	61	81	70	16	13	118	4	35	39	29	71	65	17	63	49	29	35	33	72	44	22	117	83	31	82	114	27
72	13	92	13	45	72	95	94	82	12	58	90	9	14	110	83	64	50	59	109	99	110	97	32	101	80	122	90	85	7	33	81	114	53	105	77	64	89	6	43	31	3	60	43	23	82	37	114	55	17	54	75	43	50	78	30	119	46	25	42	4	118	18	13	120	10	73	124	90	108	52	80	114	10	43	96	5	23	65	49	4	52	36	60	67	41	18	90	36	42	94	34	108	76	124	116	77	78	101	29	16	46	106	2	37	27	18	66	105	83	55	117	42	7	108	21	18	35	67	15
71	87	17	90	124	71	103	74	99	21	116	35	89	117	59	92	48	24	33	85	104	39	100	28	120	117	91	74	58	105	104	123	111	72	33	96	77	115	123	80	52	2	11	8	106	54	50	117	7	119	109	33	114	35	24	30	117	93	81	114	96	80	102	26	5	113	92	85	39	46	62	4	18	115	50	118	73	99	89	54	30	24	26	122	119	43	52	75	42	86	91	83	18	93	23	54	99	91	58	10	14	45	5	22	101	27	70	72	90	67	22	3	64	116	1	29	115	15	2	62
44	23	20	97	62	46	123	86	96	55	11	75	105	70	58	50	76	3	32	112	36	31	81	87	70	116	17	107	115	84	19	26	76	34	111	52	69	28	101	5	33	117	92	88	41	15	77	47	74	77	62	58	81	12	36	48	88	24	40	84	120	4	101	94	47	34	47	100	80	68	52	8	123	78	123	104	55	14	45	118	80	50	65	67	63	102	38	69	89	86	31	115	5	17	104	84	58	117	23	112	23	34	120	15	50	52	20	53	56	98	50	111	96	3	99	16	49	114	99	120
122	45	46	119	3	100	3	37	121	22	115	84	98	43	40	30	7	117	26	44	100	13	20	17	122	69	79	103	77	40	73	83	51	96	61	69	103	102	20	38	92	70	99	120	17	37	112	63	45	22	116	35	101	10	91	110	94	113	80	82	11	80	72	96	1	77	45	32	11	90	51	92	124	95	111	119	14	111	98	59	47	75	120	50	96	80	98	8	24	102	103	114	40	114	9	95	42	64	107	45	111	9	92	23	65	22	121	49	54	73	84	7	106	100	122	51	16	79	21	38
86	1	30	47	85	58	15	28	48	37	39	87	117	69	11	6	88	67	50	123	122	79	69	122	101	47	74	29	74	104	72	65	2	56	101	97	3	116	39	120	111	10	79	40	44	116	67	51	56	123	21	95	30	57	57	5	57	56	81	23	14	33	108	8	38	22	39	17	33	38	86	61	60	53	42	17	115	3	2	30	65	46	90	7	75	5	35	116	80	105	94	80	8	14	74	87	111	58	48	64	108	25	92	118	24	125	59	45	85	111	12	99	122	108	116	54	82	97	43	65
108	43	119	14	47	33	121	84	119	118	46	31	54	37	44	36	49	119	25	71	96	4	70	52	78	60	93	21	11	6	54	119	19	43	119	85	30	32	94	81	51	99	124	50	65	59	103	31	20	102	86	86	30	46	116	23	119	23	53	65	111	101	92	56	39	71	67	51	76	74	110	86	33	88	9	60	109	44	53	121	22	123	51	122	121	47	90	62	47	107	28	113	125	103	26	55	125	4	44	4	7	93	41	87	63	110	14	29	9	1	104	111	11	104	14	83	125	124	11	41
67	120	76	101	81	20	4	114	90	96	86	115	95	19	100	14	25	98	3	22	24	68	117	86	97	102	37	81	71	56	94	39	57	25	112	37	99	11	102	87	12	109	96	65	118	60	40	75	74	76	75	53	120	3	42	124	99	111	51	11	58	21	98	123	8	83	12	10	79	55	44	74	12	95	99	104	28	100	122	91	51	113	112	64	96	46	34	42	98	85	7	81	15	43	101	103	83	1	34	77	24	105	124	12	96	107	75	86	92	109	57	2	112	57	5	102	73	114	112	39
75	12	106	45	109	35	104	46	28	55	111	10	119	37	51	5	123	18	39	102	99	48	120	10	79	120	75	123	16	58	36	123	2	91	42	5	108	108	23	63	105	107	26	63	88	44	15	72	39	100	21	9	58	17	72	94	16	58	47	98	73	84	65	40	108	48	24	106	107	111	9	60	125	66	80	60	92	20	57	79	63	90	110	18	74	31	61	5	65	107	68	74	49	89	60	48	2	114	73	119	6	12	75	65	31	117	59	99	26	10	44	42	26	45	8	17	56	52	75	33
49	119	122	56	16	64	105	23	59	66	85	70	26	111	115	87	94	38	59	28	87	19	53	85	35	68	37	71	66	12	66	41	72	58	56	89	37	58	83	118	13	100	104	2	57	62	66	42	21	65	56	24	41	13	68	80	111	113	7	53	100	81	83	28	74	55	121	20	123	98	118	22	115	95	17	26	117	65	34	50	112	83	67	70	26	55	34	43	86	15	61	110	110	49	120	71	101	92	112	57	109	90	81	86	37	36	84	121	64	109	109	32	118	45	84	96	11	80	107	46
96	28	60	9	63	27	42	23	5	82	115	66	94	115	107	54	93	29	56	21	63	102	61	115	44	87	35	115	88	106	97	51	11	25	37	117	26	68	100	91	43	110	49	100	75	1	104	46	6	110	19	91	56	63	85	44	59	102	114	10	89	23	38	99	56	35	98	123	67	12	11	110	49	50	87	15	123	111	3	63	94	78	42	12	9	24	21	33	10	109	119	22	22	90	10	71	83	108	119	17	32	20	100	52	1	66	70	75	114	41	48	37	70	66	117	34	26	121	22	91
76	66	88	8	10	45	25	38	92	40	71	59	9	44	90	4	75	89	15	34	62	20	66	64	72	104	9	37	11	99	81	92	50	123	21	4	81	67	84	39	3	30	82	29	81	5	111	56	29	22	5	38	87	48	52	106	7	99	65	94	62	48	39	89	37	6	80	83	63	54	44	23	5	8	43	112	99	50	64	98	18	66	63	36	124	21	100	78	104	123	92	76	102	92	72	18	77	63	118	36	121	41	16	97	112	105	7	25	123	29	44	82	66	77	68	82	19	38	41	46
32	60	22	57	87	94	60	67	41	77	88	106	116	104	58	99	16	8	20	14	43	111	120	4	83	88	63	124	33	1	62	34	51	96	65	105	92	125	123	119	58	39	46	39	17	27	113	57	5	79	61	74	27	84	18	93	115	62	29	28	53	83	82	95	41	88	38	29	63	82	1	101	62	103	30	105	11	6	79	70	72	17	4	111	36	36	86	38	32	117	22	112	64	121	93	31	25	97	37	106	70	62	63	5	38	83	38	39	83	125	32	112	33	25	53	108	94	5	111	25
99	21	74	68	91	107	45	27	64	36	8	12	56	62	79	61	54	32	107	93	44	88	79	48	12	32	28	17	19	69	21	15	61	41	111	125	30	68	11	104	49	9	121	82	88	64	101	13	79	64	55	14	62	108	81	28	25	24	85	119	49	91	122	109	41	114	101	53	96	106	50	112	74	109	57	52	85	123	79	38	103	95	18	86	67	113	117	85	25	19	109	13	44	93	43	43	12	20	47	13	74	74	99	23	6	18	2	64	55	25	122	44	94	82	44	21	35	117	113	70
22	113	15	54	60	82	72	116	7	54	17	49	83	35	35	34	117	82	54	37	68	33	49	100	52	58	59	98	103	62	24	48	46	90	88	112	44	73	110	106	122	62	121	107	13	55	17	55	121	99	5	78	107	68	100	79	71	117	81	40	32	75	83	33	105	92	123	82	72	31	15	22	25	85	95	96	75	42	86	18	78	36	55	20	54	36	93	54	58	99	5	58	72	14	27	19	44	7	57	8	15	107	22	77	7	46	86	7	95	105	98	108	123	90	67	87	112	85	23	26
23	11	119	116	109	98	36	87	54	118	78	57	58	70	94	75	6	107	106	106	99	17	84	30	107	118	55	36	38	82	63	72	80	107	21	38	36	58	118	13	36	7	121	5	67	79	85	42	15	72	53	104	122	33	35	98	63	29	88	101	61	34	22	3	96	83	118	73	101	106	48	105	77	124	117	17	74	123	22	15	54	103	99	14	32	12	6	90	74	90	25	84	113	118	22	121	106	110	33	7	61	8	65	68	81	43	52	82	68	4	121	71	67	42	82	78	90	94	52	123
25	97	69	124	18	59	43	38	100	27	114	56	8	38	85	109	65	56	26	107	78	60	5	91	104	81	87	123	36	15	8	99	82	120	6	92	92	117	4	18	51	86	85	70	8	18	83	31	105	19	37	102	61	72	63	65	27	95	88	40	36	69	63	61	19	27	104	5	93	21	112	99	99	67	70	16	46	94	31	20	91	56	25	111	120	26	63	72	44	73	114	70	54	64	67	26	89	116	69	22	54	93	117	28	1	18	68	62	16	20	98	67	48	66	61	90	61	17	103	71
33	117	17	117	13	99	123	10	67	124	90	96	53	8	68	50	38	12	56	12	21	23	11	111	36	76	60	95	71	116	57	71	88	14	56	102	28	47	3	108	16	27	37	84	111	85	55	15	38	87	109	21	26	102	50	17	113	69	115	62	100	114	122	41	88	23	117	57	91	110	29	106	101	2	114	96	24	43	32	83	115	87	21	119	65	15	50	72	39	109	76	80	51	114	120	118	4	107	103	1	117	84	16	33	66	109	24	101	119	18	118	56	101	11	8	19	37	102	30	109
