N:	120
M:	2
L:	3
p1j:	23	43	17	57	69	56	63	89	94	58	73	39	97	83	79	13	31	84	67	67	15	2	57	14	41	42	92	68	65	4	5	85	64	98	42	32	78	67	57	59	47	43	33	89	76	23	39	15	93	49	70	29	59	45	44	3	51	50	19	4	9	56	49	50	37	33	46	4	40	37	84	50	11	52	70	61	49	82	46	23	43	56	58	88	52	46	31	78	12	69	68	44	35	96	59	74	26	4	13	63	17	95	64	71	79	59	80	54	19	80	64	97	89	85	76	84	81	9	23	26
p2j:	88	26	17	61	52	71	18	37	91	89	51	63	7	53	86	64	76	75	90	83	91	46	20	64	70	16	10	39	1	53	3	62	40	25	90	24	41	49	51	55	26	3	46	66	79	52	60	67	49	46	32	63	45	28	51	32	47	29	12	29	71	4	62	30	8	2	90	52	27	40	97	23	46	79	32	23	25	41	5	34	8	12	58	15	8	20	76	27	9	34	97	83	57	96	14	63	20	5	58	35	69	34	64	28	2	93	32	97	77	2	18	37	55	10	28	31	41	88	40	77
vl:	1.2	1	0.8
Conv_l:	1.25	1	0.74
IdleConv_i:	0.05	0.05
pi_i:	64	74
S1jk:
4	18	2	15	22	46	16	41	30	35	4	46	21	29	34	12	49	46	22	26	1	37	37	3	23	21	50	18	32	17	37	17	4	20	4	16	14	43	47	17	19	46	27	39	26	43	38	49	21	24	34	8	20	48	16	30	9	43	36	8	36	31	17	21	31	43	20	37	50	47	25	17	48	36	12	19	45	46	35	12	9	46	44	15	47	22	2	19	4	30	36	3	2	2	36	18	16	34	21	26	36	4	22	29	39	8	44	19	11	50	19	30	22	38	2	43	35	26	20	31
12	46	45	6	15	26	41	23	42	27	33	44	33	50	25	10	34	13	24	35	14	10	16	11	22	32	9	13	23	41	42	39	49	3	46	5	43	14	7	29	8	43	7	48	37	6	21	24	3	38	19	5	15	38	4	15	5	32	24	39	30	6	18	42	28	9	6	19	31	35	4	17	30	3	17	17	10	3	31	11	8	40	33	6	17	40	25	49	35	10	19	47	19	46	41	18	19	27	40	25	29	25	27	40	36	1	17	23	41	14	38	2	10	18	18	2	38	18	39	10
35	6	28	49	36	2	16	35	15	10	4	9	45	11	22	5	37	24	22	17	45	11	10	44	2	18	5	18	6	6	42	22	33	23	41	46	29	45	46	22	50	38	40	49	32	12	16	45	34	41	2	10	13	24	27	24	9	37	45	21	39	50	46	3	32	21	42	37	4	23	14	23	14	19	44	47	33	6	28	42	12	29	25	42	32	46	40	3	40	31	43	11	2	26	20	34	18	32	10	23	48	28	44	21	34	28	9	8	31	35	34	19	25	17	32	43	13	34	22	26
9	26	27	20	23	16	30	21	11	34	9	41	24	42	9	35	36	39	29	14	4	22	9	38	45	34	31	10	30	26	28	32	31	43	43	25	5	34	41	43	18	39	18	48	12	28	20	50	40	45	33	31	31	38	44	19	2	23	21	48	22	3	43	26	4	43	47	22	17	36	18	21	31	7	40	18	7	4	25	18	21	16	8	34	34	6	37	2	38	42	47	12	32	45	10	1	48	46	30	27	9	27	21	7	45	38	2	35	38	5	19	40	40	47	46	2	18	10	27	4
21	25	36	36	15	15	44	31	23	32	29	6	15	22	2	35	24	20	36	26	11	37	20	19	14	27	14	32	3	47	17	26	7	10	26	21	38	7	13	25	39	30	20	41	12	27	9	19	37	23	28	39	18	5	5	11	36	3	47	11	49	34	19	49	18	26	28	17	14	24	38	42	25	6	7	30	31	26	44	2	14	38	11	14	33	31	36	27	13	19	1	12	14	10	23	28	2	43	46	23	11	16	39	10	7	40	19	42	35	22	24	23	7	35	35	16	24	6	37	24
27	40	13	44	17	35	50	47	5	50	35	39	15	44	2	38	14	31	14	16	21	39	36	39	3	22	33	45	12	17	6	22	27	22	48	43	3	30	29	12	39	39	26	8	32	34	32	5	6	9	22	29	19	49	14	11	14	21	32	37	17	16	18	19	21	33	5	30	6	29	37	46	48	25	28	8	23	6	19	47	19	38	8	25	11	3	4	21	48	46	48	5	16	16	41	42	24	39	23	40	1	21	38	40	19	3	5	5	47	10	27	26	48	42	17	22	27	43	47	7
44	28	46	34	3	41	49	32	44	21	49	21	35	8	18	43	8	5	16	24	31	6	48	11	9	15	39	23	2	50	16	33	49	15	14	45	46	5	24	31	30	16	8	3	26	34	50	35	25	46	38	12	27	44	9	46	49	19	13	37	14	23	49	32	28	47	21	11	46	35	36	40	2	16	41	33	26	48	2	49	42	25	13	35	5	46	16	13	28	30	31	31	25	8	43	14	24	34	30	32	7	47	29	31	41	14	20	38	8	44	19	33	18	27	45	31	20	23	22	28
36	9	45	26	43	31	48	20	20	21	48	29	17	41	1	9	37	29	50	25	14	43	28	48	15	35	47	25	46	36	12	48	40	31	26	11	29	18	24	29	3	37	28	44	49	21	31	41	49	23	2	44	22	20	18	33	26	29	44	14	21	5	18	20	47	36	20	35	30	7	28	3	38	46	5	3	20	21	22	32	31	12	46	8	45	36	37	37	38	21	27	22	37	14	48	20	13	5	48	23	32	37	22	24	41	49	26	6	9	4	5	12	39	31	41	16	9	7	14	26
46	4	42	41	8	34	13	8	37	15	2	7	19	26	28	41	35	20	46	15	28	39	27	8	44	40	34	12	27	37	29	16	10	42	13	6	30	25	37	13	47	30	35	10	10	21	38	33	28	48	35	35	20	15	33	44	37	19	18	49	39	15	9	32	6	8	39	14	38	15	31	8	34	3	6	39	25	6	46	30	21	15	17	6	16	29	37	9	47	12	15	37	43	17	26	14	39	42	13	27	49	37	27	37	42	37	26	42	35	26	10	39	31	44	46	20	15	48	33	16
30	38	10	20	43	4	25	42	30	11	47	49	26	24	37	17	33	44	24	22	35	20	22	9	5	25	2	47	26	27	37	20	32	36	18	15	50	8	10	20	47	40	28	33	31	45	44	36	44	13	18	4	2	2	48	28	20	11	11	45	25	14	25	25	48	22	38	18	18	5	19	47	26	48	39	15	23	5	38	44	16	17	23	5	16	20	38	25	40	45	28	45	27	21	16	50	6	11	14	50	20	32	33	7	50	37	35	11	18	34	15	35	11	24	25	3	42	31	14	43
37	9	23	4	38	10	42	36	45	9	13	44	11	48	16	25	25	44	43	24	23	30	23	33	42	7	43	9	45	43	19	14	35	36	15	41	6	45	16	3	9	46	42	29	21	48	31	10	12	42	26	45	37	9	40	19	44	41	17	8	20	4	14	24	43	48	17	25	31	19	30	32	21	15	36	16	35	40	14	16	22	26	12	22	43	36	38	23	36	5	11	32	20	27	42	31	4	44	23	37	44	4	39	37	6	16	32	34	20	27	16	45	22	36	22	20	33	37	47	39
20	5	26	44	23	23	42	2	7	40	6	2	50	31	24	21	48	39	24	22	4	21	27	24	21	32	21	9	18	5	32	4	29	25	37	9	37	37	43	3	25	29	13	26	7	36	12	49	45	22	18	49	28	6	47	24	27	4	22	34	47	3	14	25	45	44	10	34	37	17	18	45	49	16	14	36	49	11	20	20	25	21	9	46	42	32	10	6	28	23	38	1	46	27	47	20	6	12	43	21	50	21	5	24	49	46	15	41	35	22	48	12	45	4	16	35	32	41	10	1
36	23	44	22	13	49	5	14	28	48	41	49	11	31	19	38	49	36	23	9	43	17	8	25	36	7	39	11	35	34	1	36	24	40	1	8	6	37	43	35	41	2	40	36	17	21	4	37	4	3	20	46	42	25	38	46	21	41	14	2	3	50	12	16	1	31	38	20	40	15	17	29	3	32	17	20	41	18	14	13	49	28	14	31	37	16	40	39	19	12	39	12	20	35	24	44	9	26	17	6	9	27	29	27	6	4	28	39	37	42	34	12	13	21	20	49	12	5	20	19
24	46	45	10	21	32	17	48	7	39	47	37	28	19	44	49	5	26	43	6	24	38	7	19	17	40	19	18	48	10	28	3	48	48	29	24	42	36	20	48	8	34	9	43	29	17	5	29	20	18	46	14	22	11	14	21	46	42	12	46	32	43	17	47	9	18	8	14	17	26	2	18	28	2	10	50	37	9	1	44	3	23	26	6	32	10	23	13	10	46	38	37	12	35	48	44	31	12	14	6	21	48	24	4	43	46	27	17	37	31	24	3	44	36	41	44	26	17	47	7
47	29	10	32	18	17	17	32	3	36	28	17	41	16	49	45	41	35	4	50	45	26	26	3	46	29	42	22	32	4	48	14	33	31	40	21	20	42	21	31	22	39	21	29	13	15	2	36	34	39	33	2	44	20	32	7	39	10	21	3	46	41	4	28	32	6	40	49	41	5	38	24	34	38	36	16	22	16	40	22	5	9	37	25	4	24	9	36	46	5	32	3	47	3	38	32	19	2	19	15	3	21	5	14	25	3	40	10	9	3	10	38	21	18	10	8	19	33	15	23
39	39	33	8	42	12	31	33	17	26	35	48	31	46	6	5	26	29	42	45	49	48	14	25	2	6	42	8	42	22	24	31	26	17	13	48	48	3	24	49	43	25	39	9	20	8	24	26	48	10	6	17	40	12	13	11	31	10	12	29	46	25	3	34	19	7	46	6	44	30	17	22	38	40	4	48	35	47	47	29	40	23	7	24	40	30	35	19	33	31	46	35	20	33	49	18	26	36	19	8	12	43	43	33	18	18	32	7	38	48	31	23	17	45	25	17	36	14	12	11
46	18	4	39	3	48	8	44	39	50	22	32	26	3	1	36	8	44	48	16	3	47	37	23	42	31	22	46	27	34	3	18	23	46	21	15	34	28	24	20	41	12	47	4	24	29	11	48	17	1	5	2	10	9	47	17	11	46	25	1	37	37	31	23	33	30	23	15	45	33	7	24	17	33	36	49	22	29	43	21	32	42	5	11	39	34	12	28	32	39	29	21	47	8	14	37	46	45	41	17	22	15	41	45	12	24	28	13	49	18	48	22	12	12	29	43	30	9	10	50
23	31	2	44	6	40	13	10	5	45	22	2	44	20	29	32	40	37	8	21	50	6	43	29	32	27	23	48	5	19	39	20	28	32	21	21	20	43	28	12	26	48	11	33	9	48	41	12	40	23	23	20	36	10	4	44	18	3	33	6	17	27	14	40	39	8	36	39	30	4	9	24	48	9	7	36	11	17	34	34	10	49	24	26	36	8	10	25	10	49	3	38	46	47	46	39	49	32	6	37	3	35	21	46	7	23	2	10	49	24	21	37	41	27	9	9	27	2	18	18
11	42	22	31	44	49	1	6	17	39	34	13	19	40	17	21	39	13	17	25	28	5	12	33	43	44	21	33	41	45	48	13	2	9	19	22	1	23	49	36	31	14	5	47	2	16	46	28	19	30	18	20	20	15	29	6	30	17	24	2	22	44	49	18	12	6	14	46	23	13	2	24	36	27	29	41	44	17	23	38	27	48	34	33	8	5	39	20	30	17	42	24	26	20	16	10	11	5	27	28	35	44	36	41	41	27	32	44	29	27	35	9	6	45	49	50	39	3	4	39
9	13	10	46	14	2	8	42	10	27	12	16	32	22	3	26	32	34	49	17	7	40	11	23	45	28	37	33	43	32	43	13	12	45	38	49	49	24	17	20	34	5	10	8	20	33	12	22	47	39	14	7	47	43	5	25	38	46	2	28	42	35	6	19	32	45	3	45	20	20	48	34	15	26	31	18	46	3	6	25	9	22	22	22	12	19	3	24	9	39	45	18	14	22	45	12	26	17	28	9	39	19	43	45	48	38	7	13	15	6	47	43	38	44	16	3	10	47	40	42
11	48	10	9	24	42	9	25	36	18	1	35	36	9	24	47	11	8	43	8	22	33	41	23	16	8	5	22	47	28	9	23	20	41	5	20	42	49	29	21	27	33	4	6	46	3	41	14	17	45	43	39	14	19	17	18	18	3	15	43	41	45	20	7	34	37	36	10	31	41	17	3	13	36	3	40	45	40	41	3	2	42	38	1	28	4	8	9	45	17	35	17	8	5	5	17	1	30	44	5	26	42	28	21	48	41	7	14	2	11	21	44	5	47	4	46	2	13	42	13
11	31	39	45	18	47	33	37	22	2	13	6	13	38	48	32	35	30	35	37	49	47	2	35	48	17	45	37	7	26	43	6	43	49	27	6	32	6	32	37	37	39	48	26	28	8	38	13	39	37	17	32	41	23	1	43	13	4	13	40	16	26	1	43	35	26	15	46	25	43	49	13	27	15	47	5	23	14	45	44	28	32	26	46	8	33	32	19	43	7	3	6	47	50	30	6	41	39	17	19	32	37	31	23	9	24	7	42	18	40	26	18	30	20	26	27	49	4	24	36
37	35	27	24	23	35	34	3	13	42	6	26	48	33	44	39	4	31	39	14	44	42	50	19	46	44	42	10	36	41	6	22	24	12	28	23	16	46	40	10	41	48	48	10	3	34	9	44	17	34	36	41	38	22	19	18	27	32	47	14	27	46	35	7	50	29	2	40	48	35	32	45	43	18	34	15	8	28	33	28	26	35	6	46	49	19	6	12	21	44	13	45	2	39	10	45	29	30	13	40	21	42	47	7	39	33	16	40	32	7	48	18	48	40	35	48	1	40	9	32
26	31	43	34	29	34	50	36	49	23	37	37	18	25	45	35	4	10	19	29	44	42	48	42	7	8	13	19	45	33	8	39	39	34	46	41	27	6	14	26	4	18	21	18	38	45	14	46	42	42	33	44	20	48	4	44	38	27	36	8	23	1	43	12	11	39	36	5	4	22	4	30	23	21	37	28	26	36	27	13	32	42	23	33	8	33	35	33	7	27	18	12	48	43	19	27	9	22	25	9	3	33	19	14	9	8	17	31	20	35	20	17	11	33	1	27	19	19	32	2
34	47	36	48	44	15	37	29	22	12	47	36	20	22	43	2	9	12	3	48	34	39	35	14	34	33	19	27	17	42	27	13	11	27	2	26	24	3	40	11	36	25	8	26	47	42	8	19	27	46	7	29	27	12	48	44	35	27	17	48	19	27	10	13	41	5	10	37	48	34	27	5	9	13	27	22	22	6	16	42	8	45	29	3	31	14	40	32	18	31	50	45	37	19	46	7	28	48	3	49	13	43	43	45	14	13	18	39	29	3	42	2	3	38	35	5	32	13	50	43
17	29	1	5	14	42	49	23	12	18	7	40	3	18	42	31	16	30	11	40	14	26	41	24	16	29	8	32	8	18	43	33	44	1	35	32	31	43	3	38	25	47	7	26	7	44	35	38	26	15	34	31	13	10	43	23	38	31	41	27	3	33	34	47	30	14	37	10	4	47	38	15	19	30	14	13	29	19	3	11	8	50	12	27	47	25	8	5	34	42	49	18	46	12	15	45	46	1	13	3	19	40	8	47	21	5	20	8	19	9	49	5	23	14	3	29	19	23	12	3
12	23	29	26	31	12	32	32	35	27	16	22	37	49	7	19	2	10	5	48	25	43	2	32	12	7	34	38	32	49	3	23	49	33	14	28	35	7	20	42	7	47	24	34	30	11	20	14	13	3	6	46	8	25	15	20	45	28	28	32	41	44	3	4	44	32	5	11	26	13	2	48	27	30	5	37	5	49	44	43	24	36	11	43	5	20	17	46	31	29	18	48	3	22	8	17	43	19	18	31	38	37	26	23	45	36	20	42	31	9	24	45	14	47	10	38	29	42	43	30
18	25	13	3	27	31	35	40	8	1	21	21	22	8	15	23	9	24	36	24	46	46	9	25	5	4	8	5	4	43	42	27	9	24	1	39	11	7	30	10	31	47	41	40	2	23	20	38	24	33	29	19	30	5	19	47	12	1	37	15	34	13	17	30	3	39	30	19	44	11	50	3	33	29	30	39	6	32	18	18	15	12	30	42	5	17	21	28	10	10	16	1	9	3	28	47	11	42	44	11	11	10	18	6	7	11	13	9	25	39	5	18	16	25	22	49	42	22	20	26
19	45	49	42	31	23	32	49	18	34	28	33	34	4	35	49	39	24	48	22	18	21	3	27	46	2	49	30	11	4	18	33	16	33	39	36	33	26	30	45	2	20	46	14	12	17	39	9	25	22	1	41	44	42	22	8	23	35	8	9	25	17	24	31	19	46	43	49	9	23	35	21	24	49	40	34	45	26	22	28	46	37	32	28	44	3	6	45	49	42	29	29	48	4	11	30	27	31	36	16	7	1	20	45	31	9	7	35	17	47	7	46	27	10	25	4	15	45	43	48
50	4	17	1	50	6	5	17	29	39	29	22	39	4	17	19	25	21	27	14	27	25	43	42	19	44	15	15	25	14	17	20	32	40	22	3	16	24	38	8	45	2	37	36	2	29	42	35	14	13	37	19	27	45	17	8	19	1	5	34	26	35	16	47	44	2	21	45	33	14	18	24	24	26	43	40	14	20	38	15	50	32	40	12	6	6	22	39	45	46	41	24	3	27	25	6	34	8	12	15	46	20	38	10	16	40	21	14	29	38	45	29	17	36	32	34	25	45	36	15
28	48	16	30	18	22	18	8	33	39	34	24	18	13	1	44	43	24	6	41	27	16	37	18	17	6	46	9	49	47	32	49	37	33	9	17	33	43	8	5	8	44	28	25	26	44	36	5	5	35	25	49	49	11	18	41	46	43	24	35	35	48	26	4	4	19	18	35	11	17	48	18	21	44	19	42	6	29	22	13	38	47	8	1	7	15	29	23	44	19	30	5	31	36	45	21	31	1	42	36	27	37	46	15	45	12	7	23	9	34	5	41	44	36	17	39	43	10	37	16
18	37	25	6	4	5	26	5	43	7	2	7	20	36	8	29	22	38	17	11	20	24	11	24	14	40	36	11	35	14	20	23	13	34	43	35	12	20	41	23	27	8	27	36	42	4	4	29	12	48	40	7	23	6	35	38	29	36	48	8	47	18	34	27	23	12	3	38	17	27	14	6	45	20	44	47	17	31	13	2	36	49	27	38	6	49	19	49	20	17	42	25	35	45	34	3	26	5	45	48	49	21	39	31	40	44	26	44	7	16	48	15	8	2	4	16	1	44	10	43
13	15	25	22	33	48	37	6	9	11	31	35	41	48	27	17	43	36	31	33	36	45	5	46	8	14	21	3	22	19	5	29	45	7	24	5	36	31	36	4	24	38	26	41	9	25	14	26	46	36	39	45	46	3	47	23	26	47	39	36	39	15	13	7	31	3	45	45	13	48	23	41	27	44	15	28	21	16	27	27	18	39	49	5	15	30	40	18	26	13	49	35	4	37	12	39	32	10	8	23	3	44	40	16	25	22	18	17	30	36	19	31	12	1	30	11	19	6	36	32
17	24	44	17	24	30	10	40	42	44	1	32	16	50	12	38	50	8	32	33	6	28	10	46	47	16	21	45	25	40	13	46	44	32	30	25	12	40	33	43	26	15	23	15	32	2	29	30	44	43	11	25	50	10	38	38	16	45	49	50	49	32	37	30	20	5	3	37	46	37	37	2	40	22	45	40	4	29	34	27	38	40	17	6	25	30	22	1	12	35	36	29	8	20	28	44	22	28	45	23	33	36	48	4	33	49	28	22	35	20	33	47	25	8	34	21	30	13	14	3
46	47	13	8	12	19	2	42	22	32	5	33	18	46	45	31	6	30	49	18	30	32	18	49	47	8	13	7	40	49	13	7	3	4	42	5	33	3	48	15	26	22	29	49	34	33	27	46	4	25	35	4	27	1	47	44	30	6	27	21	26	33	28	39	26	17	46	19	1	6	34	4	38	28	2	36	43	13	50	15	28	12	15	8	22	7	12	17	14	12	36	26	42	10	37	25	43	38	37	11	7	41	43	41	15	34	26	33	29	32	36	40	45	41	43	33	16	37	13	2
42	6	37	8	48	6	49	17	27	21	36	24	34	16	20	22	26	43	40	7	20	4	48	6	20	41	38	12	7	11	12	32	44	41	26	32	30	34	26	37	24	43	29	49	41	16	15	1	10	12	31	44	30	44	38	5	11	42	15	32	14	6	44	37	17	22	25	28	5	38	5	21	6	21	22	45	15	41	5	16	11	17	28	30	35	15	43	38	27	8	20	7	8	5	4	5	48	42	6	10	42	9	11	49	19	28	25	45	36	38	31	14	44	32	47	33	4	23	14	30
8	40	40	35	8	5	12	29	50	45	19	13	49	5	34	38	40	47	48	48	46	44	3	32	44	13	6	42	25	30	5	26	43	24	16	29	8	8	17	45	39	29	43	50	45	34	15	49	2	26	6	48	41	35	32	47	12	29	21	41	44	33	47	32	23	22	9	47	46	21	9	46	16	9	14	26	30	20	5	23	40	6	32	6	22	2	21	13	24	30	9	42	3	45	44	36	27	19	36	38	29	3	24	27	7	13	31	39	42	17	47	49	38	8	16	36	42	39	5	12
17	10	35	32	25	31	50	49	44	26	32	39	33	12	24	2	48	28	26	40	34	22	14	47	15	15	10	26	36	32	17	12	44	36	14	41	33	23	7	21	6	35	12	16	17	5	35	37	30	45	33	17	7	10	31	10	15	39	34	37	49	23	33	20	50	19	28	11	35	2	41	10	49	35	44	18	8	34	14	1	43	9	8	25	7	12	18	31	1	3	4	31	21	33	36	48	20	32	13	15	25	34	39	11	8	24	19	39	40	38	45	16	25	7	31	35	19	19	31	21
49	47	33	43	28	24	33	7	4	32	16	38	17	20	4	40	7	44	8	43	17	31	35	7	10	3	11	46	2	41	11	17	15	32	26	27	7	44	24	19	15	35	21	45	45	41	15	49	4	2	4	34	7	32	19	38	44	32	3	14	16	35	15	40	5	18	39	12	49	25	37	42	25	19	46	47	33	10	4	14	43	35	13	36	11	37	26	17	26	15	12	39	40	26	7	11	5	33	35	9	41	9	4	7	47	44	34	45	9	22	49	23	45	37	41	22	27	41	20	46
31	29	36	11	46	42	37	2	20	6	25	6	42	49	7	28	28	18	21	37	48	39	50	25	25	14	43	20	34	22	47	26	35	24	5	18	21	7	14	44	26	32	38	21	46	45	33	3	14	19	33	10	25	40	39	2	2	25	39	4	18	20	21	24	28	30	5	28	10	2	1	19	4	37	13	33	21	42	14	16	14	7	33	16	14	30	18	4	8	22	24	22	44	3	25	30	8	29	34	38	48	48	11	47	47	46	26	22	12	17	37	42	26	43	39	33	47	35	36	20
16	48	39	4	28	31	38	18	10	43	23	23	21	16	37	9	21	27	32	30	11	36	6	19	23	25	17	29	42	2	43	39	44	39	29	5	45	48	30	20	10	8	48	12	30	25	16	2	16	49	27	5	12	43	26	27	10	35	34	36	27	7	29	7	28	5	20	45	42	8	11	30	40	2	11	33	15	10	8	39	33	31	13	14	2	12	24	20	9	15	34	6	37	3	33	27	33	43	50	31	44	21	40	9	3	31	25	22	37	18	13	11	16	23	21	30	29	24	15	48
37	42	49	26	29	36	44	42	22	17	37	11	33	38	8	25	18	23	49	35	15	46	46	21	18	15	49	43	48	16	36	8	38	40	11	36	44	42	11	48	45	19	46	48	33	33	9	1	13	22	33	36	4	49	14	13	10	19	13	18	27	38	49	26	28	35	27	18	29	34	33	34	33	29	41	43	2	16	23	12	3	16	48	22	12	1	42	17	37	37	31	21	18	16	31	22	22	2	18	24	33	45	32	15	21	8	14	38	3	22	43	25	20	23	47	14	19	30	22	30
20	33	6	30	50	35	6	30	6	9	34	35	20	39	25	32	18	20	24	15	41	31	49	41	6	47	27	4	21	13	26	11	41	3	5	25	24	1	45	40	30	46	38	12	16	23	27	48	37	44	36	44	26	50	45	6	47	17	14	24	32	31	7	18	42	42	16	27	28	16	8	48	8	44	30	21	21	15	41	35	7	39	29	39	40	21	28	9	25	32	6	35	42	48	19	22	37	33	33	45	28	20	30	18	41	13	8	12	11	31	28	50	41	34	6	27	47	33	30	41
46	13	35	3	11	29	14	33	46	45	43	48	7	45	1	24	48	44	44	5	25	8	28	42	12	45	9	17	50	48	33	12	24	15	27	4	14	48	23	3	14	48	16	5	22	45	49	7	11	8	33	37	10	40	36	39	23	37	37	15	43	33	45	29	36	2	47	7	28	24	47	5	47	13	3	24	49	24	46	20	23	45	18	16	41	38	29	39	4	37	35	36	4	43	8	28	32	47	10	9	41	30	45	7	11	18	49	24	31	33	1	4	19	10	29	45	3	21	30	20
4	21	26	24	39	2	41	36	50	20	34	13	33	7	31	22	38	5	24	28	16	27	40	31	17	41	46	44	5	17	17	46	4	28	38	39	27	15	22	13	20	49	39	3	16	18	13	43	47	32	24	12	35	41	1	25	21	34	38	29	4	14	18	45	6	39	1	15	16	10	10	36	27	28	16	8	34	8	47	42	18	34	47	21	10	14	29	14	40	41	24	33	32	2	46	25	36	33	15	49	6	35	37	9	22	14	42	35	24	32	42	26	41	48	41	49	13	29	46	4
36	4	10	29	22	48	34	10	9	35	19	32	36	28	46	27	28	33	7	14	37	10	20	41	49	15	4	15	12	43	31	41	15	46	11	17	38	17	7	13	39	15	24	5	2	27	47	8	25	30	3	32	15	5	25	31	17	2	37	16	3	6	46	11	44	23	26	15	39	9	15	38	18	2	46	4	38	17	10	17	40	21	26	11	21	49	2	36	17	30	8	16	8	5	23	44	33	15	21	22	1	40	28	7	37	6	11	47	34	42	2	4	19	34	5	21	10	31	4	2
4	44	18	10	28	28	45	37	31	5	41	34	5	44	3	41	9	6	23	43	45	36	47	42	26	47	40	47	9	9	17	27	41	2	27	29	45	22	16	40	42	31	48	38	1	43	10	23	42	20	40	18	29	7	15	24	12	7	48	14	21	23	39	24	17	12	1	8	35	11	46	32	7	36	30	21	13	31	3	34	32	4	20	30	19	21	32	49	42	43	9	29	25	7	39	26	42	6	40	40	9	14	9	6	14	11	45	45	39	24	3	33	48	27	28	15	8	31	15	40
34	17	7	20	48	28	38	13	12	11	46	38	11	25	22	30	16	48	35	13	7	26	45	34	10	13	22	34	48	3	17	13	27	35	49	22	9	5	30	34	33	2	21	27	9	30	19	11	24	29	1	44	15	4	30	29	3	48	35	19	17	31	19	20	3	7	44	19	32	6	43	33	5	38	36	11	11	47	50	11	12	17	4	6	42	18	31	39	3	25	24	25	10	15	46	47	18	49	29	1	34	45	3	33	32	46	47	22	5	35	42	30	44	25	1	13	36	34	17	24
11	32	38	3	45	7	40	14	35	35	20	21	5	28	34	43	13	49	47	30	48	3	17	27	36	12	1	13	4	39	22	13	23	5	42	14	16	16	38	47	2	10	31	22	15	10	3	23	19	40	1	47	7	44	33	42	41	17	17	32	42	32	45	43	42	33	29	4	14	15	8	13	9	10	39	12	49	41	9	43	24	14	44	25	3	47	38	25	49	10	19	37	42	25	44	17	34	13	48	19	23	7	38	31	30	46	10	6	19	43	37	7	16	32	5	10	9	39	2	5
28	28	22	46	10	25	45	13	21	21	14	22	48	38	20	43	37	39	19	24	9	28	41	3	47	28	17	25	9	5	44	30	27	23	21	36	8	1	50	5	9	14	35	19	38	49	17	16	31	46	10	50	33	19	34	30	13	3	49	49	8	45	10	46	40	3	19	14	29	10	33	29	11	17	7	22	33	3	33	5	40	7	12	46	39	23	14	16	50	28	30	16	48	45	31	12	17	29	22	16	13	14	36	28	19	25	35	36	46	18	2	36	4	31	20	29	44	37	38	24
15	30	31	9	9	2	22	27	36	26	24	5	1	24	17	34	37	47	36	16	29	1	41	1	11	46	2	31	1	4	32	24	18	9	18	27	21	25	6	34	48	15	28	41	8	36	22	4	15	36	34	33	6	33	14	47	28	35	7	47	10	16	28	21	17	3	43	42	41	1	27	22	33	11	46	38	20	10	5	2	2	8	38	29	33	5	11	8	38	38	29	34	28	18	18	26	8	40	9	6	27	38	27	6	42	24	42	7	26	38	4	50	25	24	15	31	41	40	41	16
9	14	49	44	34	44	36	16	48	33	23	8	24	33	47	20	29	28	17	18	34	44	14	21	44	21	18	6	5	7	4	14	23	7	21	24	34	8	47	16	11	31	48	33	35	16	27	41	4	32	45	31	32	46	19	4	16	11	23	44	38	11	43	12	42	5	35	4	10	20	10	43	28	49	12	16	7	7	31	40	19	24	3	6	18	47	18	38	37	43	15	32	9	26	27	29	14	6	46	14	44	9	2	14	2	27	1	11	4	31	37	46	21	37	38	20	1	43	10	9
14	11	18	5	46	15	14	35	10	42	15	30	19	47	50	31	9	46	27	46	24	40	1	2	38	30	43	41	14	48	20	30	18	5	2	3	47	21	22	46	24	28	44	36	33	8	29	32	27	46	12	42	48	49	19	2	22	20	47	33	10	26	33	2	33	31	29	5	16	19	10	14	14	27	14	4	40	49	45	8	34	50	49	3	18	33	45	12	17	20	21	24	34	43	44	27	3	49	46	16	6	27	49	30	33	7	47	13	34	43	43	13	34	16	27	29	47	37	2	42
23	24	14	25	29	48	40	19	47	15	41	4	17	15	10	21	40	23	25	36	32	6	28	3	31	28	2	22	39	7	15	39	21	42	29	27	17	12	24	27	11	21	48	47	5	4	30	48	18	32	32	23	1	19	4	44	4	11	26	31	49	36	29	38	46	26	32	2	11	5	33	22	33	45	35	12	6	14	23	45	7	24	12	34	39	6	49	33	10	48	41	17	9	2	24	4	47	10	12	49	21	6	19	42	37	4	22	21	44	42	18	32	13	8	21	41	6	27	40	3
39	11	19	7	3	30	36	31	17	8	39	26	32	21	29	33	7	17	39	40	6	35	39	34	3	24	31	7	11	28	48	7	38	16	34	31	12	43	24	9	13	21	26	6	40	46	24	12	8	12	18	19	25	4	50	33	18	5	34	36	2	25	15	36	22	13	8	29	7	6	14	49	32	40	49	20	23	28	35	31	44	4	8	42	12	49	11	23	20	33	15	25	2	20	20	41	18	26	2	46	10	27	8	30	26	49	13	23	33	8	30	26	43	10	5	37	43	48	17	25
34	5	22	39	40	25	40	49	10	17	35	32	46	25	9	37	12	13	41	7	38	37	18	12	5	43	13	38	34	29	6	10	20	28	30	41	44	21	29	37	41	41	17	25	40	27	37	32	45	48	45	42	39	37	14	4	18	14	19	47	28	6	19	2	5	3	41	29	20	4	11	40	35	6	32	42	22	36	12	33	3	11	9	24	43	16	27	21	45	21	18	48	45	11	36	48	25	39	17	24	32	7	41	20	24	16	7	35	36	3	17	1	27	2	10	39	48	26	48	16
31	42	30	7	20	5	18	31	26	6	50	20	15	20	29	6	44	4	15	6	14	42	18	29	10	47	32	44	48	23	49	45	33	49	5	24	15	40	12	40	19	34	40	48	8	31	45	48	39	2	39	47	12	8	13	23	47	32	9	42	10	13	15	38	22	47	24	8	13	37	37	48	31	10	27	35	22	42	37	47	9	45	10	9	8	11	34	24	28	22	46	15	9	6	17	30	20	7	8	41	43	21	19	28	5	1	38	39	6	9	22	42	11	38	27	37	13	25	14	34
14	42	34	45	35	41	2	37	7	5	15	41	22	40	35	40	12	38	38	8	16	37	28	38	25	18	25	14	22	26	31	24	27	2	24	31	14	3	27	21	49	48	20	46	50	25	8	2	5	11	48	15	31	43	16	41	39	10	21	35	34	33	38	13	20	26	14	15	15	48	39	14	12	49	19	45	38	43	50	50	1	18	40	16	11	31	24	13	19	30	37	5	29	47	7	7	37	18	9	4	5	12	22	29	24	32	16	24	8	46	9	1	21	47	41	4	33	14	44	5
3	10	8	49	34	47	32	39	10	36	13	19	40	7	34	15	2	26	24	16	12	38	43	43	22	37	14	13	26	36	17	37	46	4	13	38	46	20	14	5	37	32	41	25	9	44	44	20	25	24	21	46	34	47	29	26	18	48	50	5	9	41	16	26	31	31	15	14	20	28	19	29	3	40	4	14	10	24	20	22	36	8	33	19	48	39	7	50	21	34	23	46	8	49	7	18	34	22	14	39	15	38	24	21	41	2	50	46	17	40	34	25	6	35	20	34	8	32	34	16
24	26	11	24	9	16	15	49	39	35	42	30	9	1	37	9	44	36	31	27	10	26	50	5	5	32	23	31	22	25	41	43	21	16	35	41	18	31	44	4	45	49	40	31	38	29	24	34	38	41	49	38	34	33	22	12	37	12	23	19	12	23	28	26	22	14	3	3	14	21	14	34	44	30	33	30	47	49	45	27	39	18	42	33	43	28	28	1	10	17	15	12	41	12	36	25	35	37	37	36	13	37	7	14	45	16	12	27	5	49	4	29	14	7	20	29	25	42	3	12
31	37	7	27	37	10	19	14	44	41	22	40	40	18	2	16	6	36	4	42	34	17	12	47	6	41	1	13	19	45	40	37	9	10	23	17	23	49	39	36	16	9	22	1	7	22	33	5	7	50	19	6	20	40	42	14	12	45	44	35	20	26	6	32	45	29	46	35	38	9	27	5	25	45	17	19	34	4	31	48	4	5	8	19	47	2	4	41	16	22	25	27	48	11	11	8	11	27	12	50	33	10	32	43	41	34	13	45	11	23	8	43	33	18	18	48	43	41	5	34
8	50	23	14	14	8	30	33	5	10	8	28	49	41	20	50	30	10	50	1	6	46	25	29	15	19	18	43	44	27	47	21	36	6	4	34	8	22	1	23	45	21	3	45	14	10	50	46	17	12	47	11	11	42	33	22	13	16	43	43	36	46	6	4	44	43	40	27	47	5	9	38	6	25	20	35	17	41	27	39	15	12	41	48	32	11	8	38	25	34	21	1	29	47	14	39	22	15	12	9	48	48	43	43	50	45	28	17	49	43	21	30	33	6	17	21	17	48	39	9
12	14	49	36	29	30	9	4	32	24	5	1	14	46	11	1	5	17	24	13	18	35	41	11	48	4	13	49	23	27	44	35	46	31	24	31	4	31	29	30	9	14	33	6	13	27	33	3	11	31	9	49	3	8	12	33	46	37	43	10	36	44	41	47	19	6	19	11	2	12	5	42	31	36	27	22	7	3	10	17	38	34	36	50	39	9	20	12	10	34	6	45	44	35	8	12	30	42	24	17	9	44	13	40	6	15	34	24	31	21	43	17	25	48	21	23	41	13	27	34
49	8	44	46	8	35	32	20	30	24	30	30	14	38	35	1	22	48	21	41	23	9	24	5	41	45	42	28	38	46	25	46	33	7	10	16	16	24	28	3	41	36	44	9	33	38	29	36	17	13	17	39	9	30	15	34	17	26	4	24	10	44	7	44	3	34	9	15	31	13	41	40	42	31	11	13	14	28	12	45	11	48	36	36	25	19	7	30	18	38	39	31	45	40	33	11	16	46	13	47	32	49	45	31	46	33	29	39	43	38	44	42	39	44	1	30	37	49	38	45
35	42	22	44	4	19	39	42	10	31	41	36	23	34	36	49	50	15	33	47	28	4	23	17	36	15	21	16	20	7	6	18	8	8	4	50	5	35	6	49	28	45	46	16	15	6	23	42	49	7	26	30	11	23	30	14	14	8	29	12	30	3	47	43	33	20	11	12	27	44	48	16	13	23	20	34	23	9	20	47	18	29	24	8	44	9	49	32	15	18	25	28	23	19	23	36	10	37	17	47	28	37	42	41	6	7	31	33	31	30	8	8	35	2	42	5	34	31	42	39
13	50	31	33	19	20	9	45	4	45	21	45	10	13	46	32	31	42	32	7	1	28	34	18	50	39	9	22	29	14	32	45	2	50	40	41	15	32	28	47	40	24	38	25	3	23	36	45	24	9	45	34	20	35	45	9	21	33	33	33	19	24	40	33	42	47	30	43	20	14	32	47	16	23	8	15	47	33	12	4	47	15	19	15	29	34	46	46	50	10	49	13	23	20	19	14	33	22	13	2	26	35	43	2	3	23	2	27	25	28	28	39	21	38	48	34	40	47	39	24
32	42	49	46	33	28	23	16	12	11	17	17	22	31	21	45	50	43	50	18	33	42	15	46	21	8	3	6	44	46	15	5	15	18	21	21	28	19	18	27	19	34	40	43	40	10	6	5	19	34	6	28	4	38	36	3	29	17	5	2	39	22	44	20	31	49	16	49	35	48	43	45	46	9	17	33	8	36	23	14	13	46	2	33	29	49	6	15	45	4	40	11	32	5	15	4	19	10	3	22	34	39	21	32	19	50	18	49	16	41	28	17	19	9	46	34	7	39	24	40
40	16	18	32	4	31	26	23	36	32	3	33	19	18	21	15	38	8	2	13	49	39	1	44	25	7	15	21	23	36	3	39	21	9	19	26	35	4	17	35	22	11	31	49	9	15	33	19	16	47	5	6	44	18	27	48	37	39	19	41	44	13	44	32	40	49	40	39	17	47	6	24	11	13	22	3	11	41	17	46	27	18	10	6	33	41	10	47	24	26	27	23	6	43	13	22	20	28	44	8	33	33	4	5	9	35	17	33	24	40	47	49	13	19	25	38	2	2	2	25
4	35	26	40	9	39	6	13	42	45	24	47	2	8	30	1	18	25	10	21	35	25	39	16	26	7	44	47	34	18	7	8	6	40	25	36	45	23	16	36	35	3	46	18	24	24	27	8	42	2	31	37	28	48	44	4	25	26	24	26	13	23	42	46	27	20	18	39	5	5	43	32	13	10	27	19	33	13	30	48	33	21	26	47	46	23	4	11	17	13	34	4	49	33	2	22	13	41	42	40	5	47	25	41	1	12	13	9	36	7	16	2	32	44	10	20	17	39	24	38
27	10	15	27	49	37	8	40	43	9	20	18	2	49	9	33	27	7	21	34	39	50	28	14	37	32	4	46	27	46	8	33	31	45	37	25	29	4	16	46	8	21	47	12	40	43	22	3	47	31	28	27	16	37	6	17	42	45	31	19	44	9	31	42	29	20	38	42	15	14	16	49	39	10	19	34	45	35	31	22	12	18	37	19	19	31	14	6	12	35	33	48	40	17	14	18	28	40	20	22	12	45	18	32	25	18	21	36	43	17	43	4	14	3	15	33	7	23	23	35
45	37	33	4	38	41	39	26	3	30	15	13	9	18	26	33	4	46	6	44	34	30	46	14	22	33	38	44	40	1	40	47	2	29	42	45	2	33	12	48	15	50	33	9	29	11	24	3	49	48	4	15	41	44	24	14	8	37	25	11	14	17	40	48	48	39	27	27	34	46	17	25	19	6	15	49	5	25	3	45	42	12	41	49	10	27	19	23	16	38	34	48	21	17	48	5	15	5	16	22	48	32	31	13	36	7	28	43	19	2	28	35	17	30	39	11	14	25	49	3
32	24	6	34	24	45	21	3	33	25	33	18	36	28	25	31	4	28	19	47	42	17	24	27	5	33	4	17	10	3	32	38	20	17	19	46	28	21	17	38	28	21	34	2	50	2	36	10	34	19	49	17	17	4	11	48	37	10	11	39	18	27	31	35	31	32	30	8	45	44	8	40	8	40	7	35	5	28	47	37	35	17	13	45	47	49	40	46	16	43	40	4	6	40	48	45	49	37	38	3	18	37	34	40	31	19	11	21	35	8	27	50	31	18	22	23	21	34	16	11
8	22	15	17	29	28	6	20	10	45	2	32	9	39	14	22	4	35	17	33	3	7	10	19	42	14	14	2	4	30	17	33	23	28	6	45	2	37	22	16	13	20	22	41	4	32	34	16	25	8	27	26	46	9	31	3	29	14	47	48	15	17	49	48	21	36	22	13	12	6	17	18	3	13	39	43	11	45	17	32	30	42	42	16	29	31	24	22	26	43	4	18	7	2	28	27	46	50	20	24	48	20	32	5	29	36	9	8	26	45	20	23	18	24	3	4	8	3	30	43
28	21	14	45	19	15	6	24	44	31	12	45	19	35	38	12	20	25	19	25	8	38	41	4	4	31	5	48	10	40	44	40	6	36	33	30	44	37	19	48	25	45	23	7	12	22	17	12	14	2	12	23	49	3	4	33	41	7	3	39	45	7	31	2	4	9	18	43	6	24	15	39	44	22	41	28	28	17	38	30	31	4	26	22	31	31	19	30	11	37	25	2	27	15	29	2	4	40	1	42	34	19	28	19	22	35	36	34	16	32	34	43	48	6	47	47	40	17	15	14
6	15	44	17	10	17	22	18	25	14	34	24	45	45	42	30	33	19	16	11	15	40	6	38	43	5	7	41	1	34	15	48	49	39	20	8	47	1	21	48	44	44	40	42	23	6	29	30	3	26	7	37	49	28	19	46	12	29	8	3	6	19	30	3	5	29	47	35	31	14	45	8	6	26	3	37	44	8	32	10	43	48	12	30	13	33	27	20	16	30	45	47	33	44	19	5	14	42	29	41	13	48	20	6	4	47	21	47	33	21	41	16	32	23	2	22	40	13	48	44
19	44	26	7	36	36	10	18	8	2	36	27	31	38	11	27	24	44	40	22	23	47	20	12	13	18	44	34	13	48	33	43	49	19	26	47	26	12	7	17	43	18	39	3	33	33	10	41	25	10	20	21	19	26	14	41	16	35	47	46	15	42	9	26	17	41	22	36	24	35	14	4	41	25	11	5	24	37	12	17	41	44	46	35	29	29	29	5	3	11	34	10	2	31	46	17	15	30	11	25	14	32	43	12	42	33	44	25	29	29	3	10	49	8	31	37	27	32	19	33
23	42	43	3	12	31	44	14	46	18	9	3	43	5	9	37	19	30	39	19	6	26	16	42	29	15	5	2	18	12	19	29	11	25	33	33	5	23	11	20	10	5	2	42	41	12	20	34	43	9	35	15	6	2	23	28	50	28	23	15	30	17	27	24	9	21	38	39	15	16	9	48	29	11	38	31	14	5	47	38	31	27	13	32	3	17	34	3	44	38	31	20	1	9	46	16	27	17	20	8	29	23	11	49	32	36	9	45	27	33	38	38	40	29	9	42	41	20	39	7
11	19	41	40	19	42	40	49	17	9	24	41	48	22	44	38	19	33	39	31	42	7	14	15	20	37	44	21	13	47	45	35	47	17	2	25	8	6	50	45	29	15	48	45	47	36	30	37	27	13	4	11	44	27	22	8	43	27	31	29	39	16	24	24	46	6	46	7	50	9	23	11	3	46	14	30	7	43	12	14	17	30	26	3	29	28	40	6	30	32	29	42	21	42	36	37	7	29	48	21	15	3	38	11	18	35	32	37	18	42	26	49	22	49	38	43	46	42	38	2
17	43	9	13	20	44	29	27	47	43	6	29	1	23	33	45	48	7	45	37	39	2	29	4	27	37	26	47	3	24	2	13	17	44	45	7	49	12	27	3	6	43	31	20	45	3	41	2	26	35	25	10	31	4	44	48	43	36	32	12	14	44	35	26	30	18	13	33	15	1	38	48	20	34	24	20	15	23	31	47	45	5	12	46	15	8	34	49	34	9	11	22	10	29	42	22	40	19	13	3	35	44	24	23	16	40	40	23	43	47	36	15	5	32	6	34	43	9	44	20
7	47	9	16	21	9	24	50	33	42	13	15	12	47	43	9	19	10	3	22	14	3	4	27	34	13	30	48	19	13	22	38	28	25	17	8	36	15	43	23	40	26	15	19	38	30	29	34	18	34	34	27	23	17	44	26	11	6	36	35	20	19	42	1	41	25	42	49	15	15	1	31	16	48	34	2	48	40	42	49	23	40	34	8	20	9	26	38	40	23	34	40	49	41	28	36	34	45	27	23	10	18	31	27	36	15	24	35	14	25	44	21	43	35	36	23	3	21	9	17
45	24	22	14	4	9	38	41	6	19	18	2	20	35	28	22	42	44	14	42	10	22	50	27	1	16	37	42	5	36	38	47	42	47	31	18	28	11	15	13	36	30	39	44	42	19	27	12	14	33	12	2	22	6	8	11	45	34	24	3	28	48	1	31	36	7	11	26	36	18	32	22	40	12	11	17	12	39	33	35	11	4	10	23	45	15	44	5	43	22	42	40	14	31	9	34	44	8	46	31	24	35	12	16	8	37	15	34	37	38	37	50	38	42	7	23	28	25	4	18
43	48	16	2	47	43	47	41	10	20	8	36	1	50	24	8	23	2	50	48	6	6	43	49	11	19	27	46	30	42	44	36	42	48	8	45	41	19	10	26	9	9	44	17	26	45	39	10	15	49	14	6	12	15	39	38	26	41	33	13	29	11	12	7	44	39	2	42	22	24	2	5	14	35	3	15	45	47	28	26	36	47	45	36	46	14	18	31	16	4	46	48	14	49	12	25	10	3	5	36	48	5	18	25	11	19	40	11	29	36	22	11	30	5	37	29	40	14	6	2
33	46	25	2	19	45	10	43	31	15	25	2	2	33	39	47	41	46	31	4	43	32	29	26	37	34	30	24	17	26	41	4	33	44	3	31	20	12	43	20	40	32	32	14	1	35	47	35	31	12	17	17	26	9	36	35	44	44	19	20	8	28	35	33	46	34	27	41	9	16	21	34	37	49	9	13	49	4	36	38	37	26	45	12	38	22	7	30	13	40	19	20	4	47	5	43	33	2	37	44	46	41	40	26	36	26	11	47	21	46	23	50	6	8	3	20	25	21	32	13
21	40	30	9	7	48	23	22	1	38	10	37	32	23	50	27	11	37	39	1	27	24	5	27	31	19	30	36	29	7	35	25	47	38	11	34	32	22	7	1	23	45	25	38	32	1	1	4	23	22	36	24	15	43	23	46	2	29	2	4	23	39	34	9	43	29	35	6	15	22	22	29	21	44	36	39	19	44	13	6	48	17	6	2	20	21	19	41	29	1	23	47	11	26	17	16	6	19	38	39	13	38	6	39	25	20	37	19	45	9	31	3	10	46	15	7	36	25	39	38
5	42	3	33	15	38	13	32	10	45	24	28	32	16	24	2	27	22	18	43	27	16	47	42	48	41	6	27	21	17	6	46	10	9	23	22	32	15	34	4	38	10	41	17	44	9	28	3	7	26	1	11	9	8	45	44	49	34	29	3	49	24	7	8	28	36	19	38	29	13	22	34	42	27	45	26	27	34	49	17	19	22	13	11	40	19	46	18	12	29	38	19	14	33	29	5	19	8	33	17	18	11	34	13	15	13	33	42	49	40	43	37	17	40	30	46	37	49	36	42
49	38	28	28	43	44	36	20	21	46	13	2	49	8	36	37	10	50	18	35	24	9	1	14	7	28	17	33	40	26	30	40	23	19	20	46	33	50	40	34	1	12	30	27	12	19	49	2	5	5	41	2	18	14	3	8	32	41	2	39	42	49	9	42	13	49	23	18	18	49	17	33	40	24	43	24	32	8	11	10	50	20	36	33	26	44	5	42	39	8	6	10	45	22	50	12	27	49	33	49	3	12	20	20	6	40	28	3	21	31	7	46	37	49	30	17	46	9	8	42
36	38	40	41	31	12	44	21	31	27	29	23	41	15	9	38	21	49	33	36	32	48	34	27	24	39	13	11	2	33	30	24	24	24	31	29	15	47	28	19	36	24	23	49	22	46	40	2	47	9	46	30	38	18	13	27	41	36	18	48	4	26	30	47	48	30	35	34	26	3	15	28	25	25	5	38	40	46	33	38	41	42	32	9	21	12	5	10	38	50	18	28	27	34	28	43	29	6	43	38	15	37	32	22	8	47	38	39	43	4	6	6	3	30	32	9	16	48	32	32
31	26	23	8	26	16	15	12	20	24	13	6	46	23	44	18	24	33	49	25	35	34	34	39	41	9	39	13	5	31	22	31	35	5	36	50	4	45	30	3	30	6	32	23	37	42	16	35	49	24	46	29	19	38	43	28	45	31	25	38	35	40	24	41	27	33	2	9	49	32	7	7	21	27	25	20	46	37	49	34	32	26	16	46	12	49	41	44	36	35	17	36	27	37	31	4	8	45	43	16	26	24	24	27	29	18	29	21	27	48	9	2	38	29	21	18	5	6	49	5
25	15	49	1	44	21	5	11	4	15	20	38	27	46	26	24	5	18	22	12	16	42	2	3	19	43	10	6	7	20	1	40	24	15	2	39	47	35	39	24	44	39	25	13	7	34	19	27	30	5	10	25	48	48	46	20	50	15	8	12	34	16	30	7	50	16	4	34	6	38	38	6	28	35	50	12	13	9	28	2	20	42	13	17	40	24	39	18	43	47	21	9	10	42	39	9	5	38	35	48	11	11	19	26	4	45	4	8	50	40	49	20	8	45	18	30	32	35	20	37
5	50	12	38	2	45	26	27	28	25	29	8	21	48	32	26	36	35	2	42	17	27	36	11	40	2	2	36	45	34	46	36	28	2	36	35	1	50	44	6	13	2	11	48	18	37	48	45	35	23	41	25	35	46	38	4	1	16	4	37	18	14	24	38	8	26	16	8	34	41	48	42	41	14	11	41	10	1	12	39	20	47	13	14	23	37	32	37	34	9	25	19	6	21	19	37	9	11	20	29	30	23	13	40	22	2	21	34	30	27	4	14	20	29	9	8	16	30	4	50
20	23	5	7	49	32	43	13	5	32	10	12	28	21	40	47	45	2	22	34	24	30	3	4	4	3	22	31	37	26	31	27	7	34	29	49	10	22	41	29	28	24	42	16	23	11	31	42	10	47	48	27	26	39	16	45	5	2	15	21	12	29	22	37	20	32	24	13	29	35	45	26	44	2	24	5	30	9	35	11	3	14	33	15	31	40	22	1	24	9	32	49	25	10	26	4	11	44	26	27	29	41	28	33	22	44	27	39	41	45	22	17	5	44	29	23	4	46	11	30
49	32	21	40	40	48	7	42	19	8	15	25	14	13	2	15	31	46	20	34	12	24	40	9	45	10	4	18	36	24	39	25	8	23	11	22	41	44	37	3	32	49	2	34	17	6	47	37	23	15	36	30	29	13	22	1	45	49	21	17	8	33	43	49	11	16	27	17	30	50	14	30	49	15	31	20	46	28	4	45	21	47	8	49	49	29	47	8	47	12	7	47	23	38	34	17	22	44	36	2	17	6	5	22	45	19	43	37	34	28	5	42	1	38	46	32	41	20	16	14
37	31	22	17	19	6	47	47	48	21	23	14	21	6	28	13	21	37	12	49	20	32	8	23	41	6	26	34	17	40	10	10	17	35	7	42	4	37	2	10	31	39	35	41	30	31	1	26	37	44	20	26	15	14	43	35	47	26	32	33	12	14	33	39	33	39	32	3	18	45	46	9	19	39	10	9	27	31	34	4	10	7	19	2	9	19	48	42	38	39	3	33	15	3	45	13	17	47	50	7	8	47	10	39	26	2	39	18	46	13	26	15	11	22	23	16	14	18	32	39
6	12	46	20	46	45	1	30	45	15	5	46	46	10	30	48	25	42	8	48	11	15	26	9	21	39	47	48	26	13	11	1	7	39	38	32	3	1	47	34	4	50	20	31	48	37	30	48	13	20	11	3	22	2	10	46	20	19	39	9	10	37	13	30	26	33	10	49	20	46	38	21	11	4	32	31	28	38	21	6	23	48	3	17	4	37	16	43	28	45	19	15	30	35	44	34	36	17	2	24	10	50	11	5	29	3	35	48	37	3	19	1	10	35	13	26	9	32	9	2
8	16	34	1	23	42	7	23	32	33	37	48	7	7	13	31	34	15	34	6	46	19	38	28	11	44	44	38	24	21	36	16	27	16	14	24	23	16	44	11	43	22	30	39	43	14	8	21	15	15	18	35	29	33	41	16	31	47	26	49	2	44	4	41	49	13	46	47	49	17	9	26	44	24	12	24	41	29	48	24	34	9	48	38	49	40	13	36	33	6	34	13	33	23	6	4	10	20	45	9	8	8	24	26	28	28	42	31	1	18	18	27	33	17	3	21	13	31	25	18
20	8	32	32	22	35	30	30	33	44	36	18	35	40	37	38	39	19	26	39	47	46	33	27	26	26	36	27	48	40	13	12	15	7	41	23	41	27	9	37	42	43	4	45	6	13	24	33	6	9	43	31	27	3	36	10	37	45	42	44	3	33	22	8	16	36	25	4	10	47	19	9	32	14	25	13	18	39	8	19	47	17	23	36	28	1	29	44	36	4	2	16	21	11	7	25	35	47	32	41	25	40	7	8	10	4	36	44	19	5	46	13	44	13	22	13	28	12	31	26
38	35	18	19	34	44	19	24	7	38	4	14	5	41	24	21	2	2	42	31	2	39	37	3	34	23	40	20	12	47	35	4	11	31	22	36	23	39	13	26	43	24	35	39	28	49	29	4	41	48	30	35	42	13	39	26	3	17	47	17	45	11	37	40	18	19	42	11	38	22	11	24	33	22	36	23	4	13	48	12	6	35	15	27	42	17	28	41	20	26	22	42	29	34	34	29	28	3	32	6	5	42	34	31	48	26	34	37	39	47	13	19	21	40	25	10	46	33	47	7
24	47	38	4	2	15	31	23	42	21	23	41	35	16	44	23	33	32	47	29	14	37	43	21	8	30	21	24	17	24	30	30	40	6	46	41	20	36	27	45	50	31	12	29	16	42	28	10	37	50	40	35	13	9	3	28	6	12	19	9	11	12	6	32	29	30	7	8	23	36	29	13	4	29	3	24	49	13	44	12	11	8	37	42	18	44	38	43	4	42	10	40	18	19	44	29	24	28	13	18	20	49	41	18	42	37	36	21	9	34	22	16	17	11	11	34	4	19	34	38
24	38	16	5	27	28	4	5	10	15	48	19	8	22	10	10	28	18	8	34	8	23	31	45	2	41	31	48	27	48	9	43	7	28	43	3	11	20	18	41	40	37	28	46	42	15	24	28	30	4	21	3	40	8	37	34	13	16	5	41	40	15	25	24	18	11	4	20	37	14	28	17	45	10	8	5	12	17	44	40	29	28	42	44	11	37	15	21	32	38	40	13	3	42	18	7	8	6	10	23	33	13	19	42	17	28	36	29	9	5	3	27	19	49	27	6	15	36	30	37
7	28	3	16	14	16	26	15	40	4	23	20	37	29	29	35	8	26	7	17	11	13	30	19	21	15	36	3	47	12	5	12	8	2	47	47	39	23	28	2	42	18	50	32	39	41	48	35	43	22	16	13	28	23	22	35	17	13	21	43	45	48	15	44	5	25	23	24	43	40	45	12	11	20	4	25	49	7	38	17	22	48	15	32	5	6	31	26	23	5	18	14	42	19	39	23	14	13	46	47	38	50	25	15	47	49	17	28	14	7	28	17	1	16	40	43	31	6	6	6
36	10	48	41	15	29	4	16	40	6	16	13	18	39	11	39	1	2	15	44	16	28	5	30	7	27	17	2	36	3	36	28	25	9	4	10	49	12	23	46	44	39	35	13	27	34	22	4	8	35	5	29	4	4	10	31	12	23	12	31	36	23	26	28	33	49	4	35	14	22	35	44	21	36	48	36	4	8	42	14	12	11	21	41	20	36	14	39	33	38	4	49	19	11	46	16	29	25	25	21	28	45	45	10	12	9	48	6	8	5	46	2	37	20	3	17	48	14	29	9
2	5	6	12	39	10	45	14	10	35	27	25	33	24	24	50	32	31	29	17	46	26	44	14	42	44	48	19	38	44	9	44	11	13	26	26	28	15	34	42	44	5	33	17	13	17	14	6	45	42	29	4	24	7	7	17	32	38	48	40	16	38	12	17	6	41	32	34	37	12	8	32	21	17	44	47	45	22	34	39	45	10	18	44	11	5	33	35	4	21	48	24	46	3	49	30	37	21	5	45	4	2	5	34	16	17	41	19	15	11	2	9	47	43	3	30	47	31	23	30
17	41	44	41	19	14	28	18	23	17	22	9	27	31	34	33	43	37	18	14	43	13	2	21	36	15	46	49	33	41	41	18	42	13	26	43	11	31	13	31	8	5	25	22	43	31	41	47	33	7	13	45	47	14	14	7	31	2	16	2	27	9	16	17	35	47	38	45	29	8	46	18	5	39	9	40	6	17	6	36	5	32	48	47	41	11	41	10	41	18	49	23	14	2	37	17	24	44	19	18	40	33	34	33	11	34	19	10	27	8	31	13	7	39	8	13	4	21	13	45
10	28	47	32	27	36	21	2	41	27	41	19	33	29	26	5	33	25	47	32	12	17	5	22	20	47	21	19	23	20	44	16	21	50	8	16	49	48	13	34	36	23	21	6	9	4	20	18	40	37	15	31	38	48	40	27	36	16	29	8	4	40	17	14	42	37	22	33	38	34	50	29	35	9	13	48	37	11	8	18	33	31	31	3	11	12	16	9	19	47	9	50	30	43	44	22	16	41	46	25	43	25	34	33	41	31	3	45	30	23	19	48	12	39	49	28	8	41	10	30
37	36	34	5	38	15	3	21	11	23	28	15	34	16	15	4	46	5	25	10	9	35	2	49	11	36	6	42	14	6	37	11	48	19	26	42	23	6	29	3	13	16	15	39	6	36	40	17	38	5	35	33	22	25	28	49	3	11	27	41	26	26	33	20	24	44	34	42	2	11	23	20	41	49	34	32	32	18	50	37	11	7	35	29	31	20	2	5	19	3	44	8	16	10	19	4	32	12	37	48	23	13	37	41	31	26	39	15	29	8	19	14	31	4	21	16	25	11	50	26
27	31	34	9	30	15	11	40	49	19	44	34	50	6	40	22	4	7	45	16	36	24	31	31	31	45	8	31	41	49	11	46	29	48	4	11	34	37	6	26	40	25	16	20	15	32	6	20	35	13	48	35	31	12	6	45	10	40	14	29	30	13	22	36	43	30	21	17	15	11	34	6	23	47	20	38	19	12	18	29	22	21	17	6	29	10	7	19	8	5	40	22	18	7	28	50	17	35	19	2	2	31	8	36	30	17	28	23	6	35	6	36	16	29	8	13	17	14	18	17
28	7	16	31	15	30	16	47	32	15	32	16	21	15	39	13	40	4	11	36	47	41	27	2	16	50	38	10	21	41	42	19	41	18	41	9	40	40	15	17	48	19	26	33	36	23	32	6	22	7	9	43	45	15	3	34	22	48	35	32	28	25	38	14	38	5	4	1	2	2	22	49	29	49	3	6	15	28	29	24	39	29	18	11	33	22	37	25	6	39	16	37	3	35	10	27	7	34	28	32	27	1	20	27	20	36	37	40	45	38	28	14	32	19	21	25	39	13	43	3
37	45	37	32	9	45	1	5	18	12	5	46	47	41	31	39	9	6	41	45	43	3	10	41	25	35	30	29	33	39	41	4	47	3	39	18	3	42	10	12	16	45	26	4	24	14	48	33	25	47	29	24	26	37	25	26	49	29	31	39	30	11	11	42	38	20	35	31	1	20	2	11	11	46	17	46	46	48	50	4	29	9	27	29	43	41	45	44	35	4	32	9	17	8	37	25	11	19	24	48	49	35	3	27	48	44	2	41	21	34	40	34	9	12	43	22	19	29	2	39
26	8	21	8	13	49	4	23	8	13	31	19	23	33	25	40	30	40	16	48	19	22	42	43	10	5	2	42	19	37	5	48	42	37	36	25	43	26	26	10	19	30	12	28	44	6	47	46	36	16	45	33	24	43	39	23	33	16	3	7	43	48	4	6	43	16	8	23	33	34	2	23	4	13	27	26	26	6	37	39	19	14	10	8	23	20	38	12	49	46	16	33	33	35	24	44	44	45	42	22	29	22	2	28	37	36	21	49	44	45	42	37	26	5	36	10	44	29	14	30
4	43	32	36	29	41	11	43	21	34	7	46	8	29	23	3	2	5	24	46	38	14	43	32	45	19	32	37	28	36	29	8	17	32	45	7	23	6	7	6	24	15	43	37	28	37	12	15	18	41	37	20	11	8	23	10	43	31	49	7	25	16	9	45	7	7	41	47	41	48	13	5	41	31	20	30	50	5	1	15	19	10	26	5	13	2	50	24	23	21	50	50	39	13	14	28	37	9	46	25	35	44	41	27	41	28	15	45	44	48	34	20	36	19	43	10	7	30	44	43
28	2	45	34	8	6	30	41	40	39	39	47	43	2	46	24	41	9	10	15	25	6	38	39	3	33	14	49	39	37	43	30	18	7	19	22	49	8	46	40	26	27	20	41	35	16	20	27	50	37	45	47	15	38	36	36	35	3	45	15	10	25	17	15	13	37	13	41	31	16	50	42	7	25	16	27	20	21	30	11	38	20	7	26	8	6	26	22	20	41	27	35	8	24	36	3	40	12	31	33	20	30	43	17	26	39	9	47	9	31	19	24	29	24	44	24	31	24	14	47
3	41	19	44	28	32	13	36	7	14	6	42	24	4	45	45	5	9	3	31	42	46	30	30	44	45	49	38	20	18	25	24	22	12	36	47	22	46	41	2	45	7	17	17	26	11	16	34	40	14	30	33	21	4	28	20	45	37	44	38	36	36	21	9	21	26	6	7	47	25	12	18	45	12	6	40	12	22	44	22	1	36	10	2	36	34	15	9	18	4	39	40	27	31	45	30	26	4	6	14	22	24	30	43	37	49	5	36	45	44	5	24	29	2	20	24	26	30	33	36
7	36	41	44	4	4	32	44	25	19	5	40	30	36	32	43	21	38	37	27	10	35	5	12	45	44	7	24	19	48	2	5	49	25	24	27	47	5	11	20	37	12	19	38	17	18	2	36	4	46	10	6	20	40	34	29	40	44	5	21	42	28	12	4	37	18	4	5	38	43	49	48	7	31	37	15	3	20	4	13	48	49	40	45	24	33	16	29	2	27	11	9	37	25	5	14	25	45	6	37	47	18	22	40	13	10	15	28	36	21	12	35	12	45	27	23	12	19	32	16
18	6	39	14	30	30	29	47	49	30	14	23	12	5	7	25	31	15	38	27	17	27	21	13	6	30	49	18	29	22	39	23	48	3	26	44	22	20	13	35	35	47	21	5	13	25	7	33	9	42	29	15	5	15	38	35	34	16	34	19	32	10	47	23	34	18	44	5	12	37	21	36	15	22	15	36	28	17	13	3	25	23	34	6	35	13	14	11	12	18	17	21	2	46	14	45	1	29	37	41	6	46	4	22	39	5	33	11	17	8	36	37	34	34	23	6	24	31	27	26
33	3	3	35	30	12	39	33	20	45	43	49	35	28	21	44	4	22	48	7	5	2	2	31	33	13	6	4	44	4	16	31	20	29	15	37	11	42	45	5	33	23	9	40	28	46	3	11	14	13	40	44	8	34	24	22	14	6	37	29	42	36	30	41	2	23	36	6	2	49	29	5	49	24	17	43	47	28	20	6	47	3	21	14	23	44	6	15	4	14	37	19	39	17	39	35	31	24	28	16	28	4	27	46	49	15	27	50	36	35	18	39	39	42	23	39	39	15	15	46
35	13	5	28	17	48	15	35	26	46	38	8	45	17	13	11	38	13	7	32	40	21	19	26	13	14	47	25	22	25	37	15	35	7	2	4	26	21	26	38	18	26	16	39	12	9	22	30	40	32	20	4	4	34	39	42	32	38	30	35	2	12	23	40	35	23	47	17	42	38	10	39	28	49	46	16	2	29	7	3	45	39	47	14	22	31	23	40	8	12	33	20	43	1	48	47	28	17	13	28	31	46	33	17	43	47	42	4	36	40	2	26	41	41	29	11	22	42	45	3
44	45	6	42	43	25	13	29	20	29	19	5	35	43	31	30	3	2	8	41	7	23	22	16	35	34	45	32	45	27	29	18	7	6	43	43	25	39	41	40	48	7	20	36	24	20	4	22	37	7	4	8	35	11	46	9	32	42	26	47	16	12	16	2	17	42	24	29	17	46	39	10	29	10	28	12	9	8	43	17	18	11	5	32	40	11	2	16	12	12	8	28	43	9	47	1	32	35	4	40	38	27	4	6	19	35	32	31	42	27	15	17	38	7	6	35	19	3	42	44
25	44	29	6	43	9	23	40	45	23	11	49	22	22	11	26	16	13	41	29	29	12	1	19	14	43	34	33	11	3	47	13	28	13	14	25	25	33	9	30	27	38	6	3	25	46	16	9	41	35	30	9	28	36	14	38	23	18	15	48	33	39	37	22	11	5	31	29	47	26	49	15	23	45	16	34	35	16	46	12	3	28	46	18	21	42	12	28	21	9	10	40	48	11	10	13	23	26	45	41	6	46	46	46	25	33	24	40	1	20	33	38	8	50	14	47	22	30	45	11
28	16	14	42	39	35	1	25	6	46	38	36	25	4	26	11	34	14	42	8	45	29	47	36	12	4	15	13	17	26	14	28	3	28	45	46	28	11	7	40	16	47	23	13	39	20	30	48	14	42	34	30	28	14	27	2	17	31	4	7	7	47	7	26	10	6	25	49	4	24	19	23	39	12	39	40	26	7	10	17	44	19	47	39	17	28	11	47	28	15	12	1	25	46	7	22	23	9	4	38	2	36	20	12	8	10	3	21	29	5	45	27	45	28	33	5	20	22	2	34
31	10	24	35	3	6	35	5	9	27	34	3	32	21	10	36	32	15	31	38	19	3	19	27	17	18	22	33	41	6	21	17	9	22	15	29	33	42	26	28	39	9	9	31	37	21	47	14	46	1	11	18	21	7	1	34	33	19	17	7	46	16	29	45	7	24	39	5	7	47	5	31	38	32	20	21	27	36	30	25	25	9	6	39	1	25	4	47	41	19	11	6	14	40	4	1	8	36	2	21	23	44	7	14	39	7	17	21	33	26	48	19	42	23	7	36	1	42	20	28
S2jk:
39	30	24	39	16	40	3	30	30	45	35	23	6	23	24	21	12	47	16	46	4	9	44	41	17	10	45	36	33	44	5	2	14	47	33	5	8	44	26	13	29	10	27	31	25	40	29	35	21	6	2	20	8	26	21	21	35	4	17	26	21	29	36	28	39	42	16	7	21	30	9	34	13	45	20	25	16	9	43	23	42	28	42	46	36	33	47	14	36	47	8	2	36	5	28	44	28	16	12	15	35	24	28	37	14	15	16	15	24	2	21	45	12	37	6	41	49	10	4	6
42	46	37	16	39	25	18	38	19	21	20	12	18	1	8	49	20	36	34	50	12	48	7	40	33	41	7	20	33	48	46	20	11	26	48	33	39	14	23	3	29	12	12	41	15	50	26	2	42	8	16	11	5	4	20	37	10	6	14	38	40	44	31	43	22	20	13	29	35	44	21	4	8	37	2	20	1	9	16	45	18	40	32	22	29	5	25	35	16	16	14	30	39	13	38	47	10	39	45	15	38	31	32	13	2	43	31	29	41	44	45	10	2	12	18	40	20	32	36	39
40	33	20	33	9	36	26	27	41	32	48	12	48	43	33	18	21	21	42	37	3	23	17	17	3	6	34	1	47	31	36	39	41	23	8	24	40	36	50	17	43	10	20	19	13	16	48	10	38	45	38	29	2	6	23	38	18	46	7	39	30	33	39	23	23	18	29	39	34	23	31	23	42	1	21	37	32	6	14	36	40	25	8	19	30	10	29	24	27	2	21	25	46	1	46	42	8	2	50	17	11	41	6	37	13	10	28	38	28	50	23	19	21	35	8	47	47	6	46	8
39	37	23	24	31	7	40	34	11	12	30	49	25	35	33	48	37	26	33	36	38	33	20	12	17	32	42	33	31	2	22	21	13	5	37	14	39	11	5	36	15	16	36	28	29	38	26	48	42	49	28	40	8	43	49	19	15	5	20	16	4	9	43	21	50	37	9	3	30	25	7	32	43	17	8	9	18	5	27	31	5	24	10	46	20	27	48	23	15	47	6	45	38	8	19	26	10	31	38	36	34	16	50	10	15	48	41	33	3	34	43	21	25	22	29	23	25	20	17	11
12	40	39	38	24	25	39	22	45	48	2	25	2	4	8	21	16	10	27	7	46	39	15	38	21	22	36	30	5	35	38	19	2	6	20	43	46	34	16	32	38	26	13	10	3	36	26	44	42	39	39	35	24	21	17	5	42	11	5	8	23	46	40	46	1	34	49	3	38	14	27	37	47	38	43	10	47	41	9	32	45	19	9	15	30	19	41	27	23	28	42	32	34	48	43	45	4	17	27	27	41	5	12	34	19	28	37	20	37	19	46	33	13	22	16	19	32	23	38	41
47	38	7	33	21	38	30	9	45	24	25	5	36	8	35	47	34	44	20	1	34	35	17	14	37	27	35	4	30	31	36	22	43	42	6	7	2	40	9	12	7	23	42	8	45	44	37	29	16	20	41	9	41	11	9	41	25	30	36	14	11	15	34	47	23	48	5	49	13	34	19	4	5	21	19	38	36	38	43	21	44	25	40	28	1	36	12	45	12	41	4	17	42	28	30	28	50	30	4	48	45	35	35	21	31	45	49	32	30	28	22	22	8	17	9	10	35	7	43	44
20	1	5	39	33	10	2	22	20	36	10	40	31	26	4	29	27	4	26	25	13	46	11	16	12	37	11	24	29	47	41	26	31	19	11	30	10	44	12	20	19	10	15	27	31	44	10	36	38	39	12	9	16	38	49	36	35	9	22	31	21	26	20	12	3	9	3	36	35	24	22	20	32	34	23	31	6	8	25	18	6	7	20	23	4	12	13	43	5	33	44	30	31	2	1	34	46	38	39	1	22	21	42	40	31	19	16	40	33	39	33	31	31	44	29	6	21	40	8	6
1	33	23	46	26	49	50	42	36	22	32	5	1	14	3	48	5	5	13	20	34	22	37	22	35	12	40	23	40	13	9	12	15	11	32	28	45	45	9	20	45	35	41	17	37	37	6	21	8	5	3	17	27	29	39	47	19	9	12	6	32	32	11	48	44	43	32	9	36	13	36	4	12	40	49	32	30	41	12	15	6	20	19	16	20	15	35	40	35	43	41	28	45	34	19	25	17	27	9	13	33	31	34	48	18	48	4	24	27	31	22	34	25	31	46	49	7	29	22	47
9	25	14	27	7	20	15	37	38	29	6	9	6	29	36	47	29	40	17	42	28	7	47	6	16	9	25	37	33	40	44	30	26	46	43	40	48	19	1	28	11	21	3	47	25	29	25	6	28	44	4	9	29	16	4	38	12	29	4	49	2	4	50	17	35	47	41	45	35	34	2	12	48	45	19	10	40	49	38	47	7	42	42	23	31	22	6	3	43	26	14	41	49	9	39	24	20	20	19	7	26	1	18	10	12	44	44	35	18	10	4	50	23	24	29	7	28	23	11	8
6	32	40	3	40	14	20	4	4	24	3	50	27	14	24	45	28	20	43	33	48	3	37	23	30	37	11	31	3	34	39	38	45	34	28	40	45	19	24	33	28	45	30	27	38	9	14	39	23	49	7	35	44	26	35	48	3	11	8	32	49	1	9	18	17	30	43	26	9	24	7	10	12	26	30	35	2	12	14	26	29	29	32	5	29	26	48	12	33	31	36	38	23	43	48	20	46	14	15	40	50	4	3	17	23	7	47	18	18	12	3	34	37	46	39	33	15	43	47	25
15	32	50	47	36	30	50	16	48	17	2	22	40	47	2	42	29	44	33	10	27	25	14	18	29	15	37	32	31	28	30	17	44	41	37	31	19	2	24	35	23	3	49	4	5	26	27	2	49	12	33	14	42	30	33	19	37	31	4	22	4	37	34	49	22	11	42	30	30	43	6	19	25	8	8	36	39	7	3	24	39	42	34	10	29	39	30	9	39	2	48	28	24	14	25	45	32	36	33	46	1	37	25	21	10	27	24	3	48	3	31	13	20	22	16	47	47	13	21	31
39	47	14	6	46	1	42	29	38	24	45	21	8	28	6	29	28	46	19	43	49	10	31	45	5	15	26	28	22	29	7	10	43	10	14	20	29	22	25	20	28	3	21	12	15	23	4	40	48	44	32	44	41	43	15	11	24	3	29	12	36	46	9	26	25	26	41	15	42	43	1	21	4	44	12	11	33	24	19	42	50	22	27	40	34	35	20	11	25	32	23	45	14	4	12	20	6	16	5	14	8	36	30	10	37	28	25	46	11	30	50	5	41	2	8	9	50	21	46	43
7	30	28	9	40	16	41	32	12	22	22	49	3	3	2	38	24	19	46	20	22	40	37	41	37	2	5	1	50	18	34	45	15	47	11	33	28	12	9	48	17	14	30	6	38	10	24	6	41	29	32	39	22	32	50	3	38	15	10	45	35	17	37	19	11	7	9	23	21	36	35	44	18	12	34	21	18	10	42	3	11	7	7	34	48	46	49	41	17	4	49	28	6	41	48	34	45	14	20	21	10	40	49	17	17	14	5	32	19	31	23	32	30	32	27	48	44	13	6	11
42	1	40	37	45	49	27	37	22	43	18	41	37	39	20	29	50	8	28	22	19	27	41	10	41	33	2	33	47	22	18	48	30	21	20	5	48	14	46	39	30	43	43	17	2	15	25	11	12	36	26	16	4	12	28	6	22	11	39	31	41	31	23	49	12	1	18	40	18	48	36	16	6	26	47	13	3	47	45	35	46	19	7	46	47	26	20	18	10	32	18	26	32	3	37	17	10	42	16	25	43	9	13	21	18	39	34	45	12	18	45	16	36	4	34	4	15	40	37	10
19	14	28	22	35	23	2	25	44	24	18	36	26	18	20	12	44	13	27	19	18	6	8	45	10	43	32	32	36	41	36	48	6	42	24	23	37	9	5	11	9	22	40	21	27	47	19	22	39	23	30	3	2	39	16	11	24	38	14	24	49	33	3	7	29	34	2	47	13	43	34	3	28	24	44	33	43	16	43	19	17	4	22	10	17	48	21	21	36	21	35	45	8	33	3	37	45	35	30	4	31	47	47	46	29	43	6	32	23	4	8	23	40	16	24	27	9	11	16	39
3	7	33	18	4	1	44	48	26	37	44	28	35	47	40	28	20	45	49	32	44	21	30	14	42	40	42	3	36	7	26	32	11	11	43	47	2	39	3	32	24	15	22	45	22	33	46	1	18	24	49	48	19	49	44	31	7	17	38	28	43	41	40	42	2	48	24	26	27	40	24	29	42	9	20	6	19	40	25	47	49	20	33	46	29	9	19	28	3	19	33	17	50	26	23	35	17	26	26	15	39	15	9	34	23	35	21	40	50	7	32	48	24	16	3	31	37	46	38	11
42	27	2	47	21	19	45	45	22	32	39	11	23	49	25	19	19	29	5	24	31	11	29	14	20	23	23	46	30	11	48	34	7	32	14	50	12	35	3	36	1	43	23	11	17	9	23	48	41	43	13	50	7	46	9	41	35	37	33	3	37	34	2	43	44	8	2	39	46	46	35	26	37	39	37	27	23	15	37	10	32	19	11	17	30	14	36	8	32	48	14	29	4	5	34	25	44	25	22	10	15	10	18	16	22	28	45	15	49	42	41	45	4	48	18	45	18	5	12	26
49	13	33	30	32	11	23	2	38	33	25	46	13	5	18	12	20	36	20	34	49	38	29	40	48	47	46	22	21	8	43	6	19	25	6	33	21	33	39	40	15	30	32	15	36	11	17	23	37	9	17	3	11	37	16	45	47	33	39	20	4	24	33	34	30	6	37	20	35	35	22	34	42	42	11	15	45	25	24	29	31	12	44	7	21	35	20	6	30	37	18	17	49	18	39	9	17	6	27	17	30	18	16	21	27	17	43	37	30	31	8	46	13	16	20	18	36	28	4	6
30	24	42	42	35	44	38	24	5	27	19	22	29	3	18	3	4	31	18	33	31	25	28	37	10	42	37	38	4	24	3	27	4	28	25	4	48	33	25	43	50	6	49	41	22	40	41	27	44	5	33	45	10	42	34	46	43	44	26	23	20	38	1	22	23	32	14	33	19	33	31	44	29	23	49	10	3	16	20	27	34	48	34	4	4	26	32	19	38	8	24	37	45	27	14	39	40	31	25	40	1	44	10	20	41	41	17	19	43	47	28	38	3	4	37	27	6	26	3	26
38	4	42	38	21	8	40	8	33	19	44	16	14	48	37	41	41	10	7	16	46	37	6	28	13	46	2	28	26	6	24	14	49	49	47	48	49	36	3	48	22	33	11	20	7	25	24	21	3	15	8	47	36	46	30	41	14	38	29	45	23	20	36	9	36	31	36	49	36	42	30	14	26	5	30	17	42	49	14	47	28	50	24	28	7	40	3	22	49	34	3	1	13	36	3	48	20	22	13	2	43	29	46	6	12	30	3	19	11	10	14	47	36	17	12	32	44	26	26	32
35	7	36	31	22	48	28	5	49	19	10	5	28	44	26	12	33	8	37	32	15	5	34	37	37	18	24	24	7	36	2	2	37	37	3	43	8	10	38	21	40	9	23	16	11	15	18	9	23	5	7	28	48	39	17	23	18	30	17	47	45	15	43	18	26	23	10	49	12	20	19	47	25	26	28	15	24	14	3	27	29	46	48	40	1	22	43	15	25	35	38	9	21	22	10	32	13	2	48	50	24	20	48	38	15	12	27	2	39	15	21	16	26	47	6	47	46	8	5	33
42	22	3	9	22	40	9	11	31	14	6	3	16	22	29	47	11	40	35	41	13	41	6	19	21	7	34	7	1	28	13	49	41	43	22	34	46	23	18	14	47	49	24	34	49	39	38	13	36	8	26	46	10	29	47	42	6	33	25	42	12	46	28	38	42	42	44	17	23	18	6	26	46	32	15	28	21	17	29	25	42	14	25	14	27	48	6	24	10	42	28	49	42	4	22	23	45	44	44	7	30	28	15	31	20	9	42	49	19	25	23	33	44	14	36	2	15	7	48	21
26	23	32	7	24	36	23	3	10	32	31	21	33	32	17	11	13	18	28	17	21	48	34	30	42	40	14	4	31	19	9	44	29	12	35	38	30	41	22	34	35	14	17	21	27	42	24	42	48	37	42	33	3	25	16	32	17	27	50	23	6	18	25	41	36	25	26	34	19	2	4	22	44	14	19	40	48	11	40	23	19	36	22	13	27	9	6	46	12	48	7	23	17	37	49	30	20	23	20	38	50	35	13	20	21	19	45	48	6	38	46	31	16	35	47	27	7	41	21	23
12	28	45	7	26	47	48	28	7	40	16	22	28	35	12	16	24	34	21	30	22	48	11	42	33	26	1	25	48	31	42	23	21	21	48	4	13	22	32	21	21	46	48	43	2	13	48	18	28	11	32	7	18	6	47	44	17	16	27	17	41	5	48	24	22	18	24	17	7	6	44	3	10	35	43	23	39	18	30	48	23	45	19	50	17	45	23	42	36	21	21	6	25	15	43	7	49	21	36	20	14	23	20	42	1	2	15	38	12	18	12	10	10	8	1	29	13	31	49	47
18	10	16	20	27	32	7	8	36	29	24	4	45	19	38	26	37	32	43	3	27	35	2	26	42	4	33	45	8	20	3	27	49	28	38	10	42	27	43	19	19	17	39	19	50	19	23	18	18	16	7	21	40	24	37	33	33	47	12	25	30	17	38	42	45	3	30	45	25	1	10	31	35	21	5	25	17	39	46	36	33	40	34	9	4	21	7	9	18	18	44	13	27	20	17	32	49	42	38	37	29	44	21	44	38	8	48	37	14	9	31	13	38	36	46	17	45	37	23	41
46	48	33	38	46	20	27	22	41	31	9	7	37	22	27	49	26	37	40	49	19	2	28	4	43	41	45	32	21	49	29	41	17	40	10	11	38	38	39	30	6	13	34	19	21	32	12	2	42	12	35	32	28	36	44	16	36	48	21	6	43	37	42	18	29	25	14	46	30	30	8	22	21	24	13	25	4	43	31	26	42	30	4	27	2	9	39	36	46	35	40	37	21	3	28	22	7	48	4	6	10	2	35	17	12	38	38	3	34	31	25	20	42	6	21	23	31	6	35	41
25	24	17	22	33	45	16	30	5	48	31	22	22	21	31	26	24	42	32	28	7	15	49	36	24	33	46	41	10	28	23	39	45	41	9	15	45	37	48	12	35	29	19	4	37	37	41	29	9	8	11	34	32	36	43	26	49	40	9	4	24	49	6	39	47	34	18	34	48	28	26	2	42	3	27	4	21	24	5	33	48	40	23	35	13	47	5	40	3	43	16	7	39	42	3	7	43	5	37	12	40	25	38	8	36	37	18	32	29	8	1	1	28	35	11	32	19	5	40	34
11	5	44	21	25	18	34	37	9	8	5	11	40	35	28	44	44	23	25	12	12	17	43	9	45	4	38	2	34	27	23	39	48	30	38	29	40	40	44	44	47	2	37	29	40	14	6	6	20	2	42	15	36	8	10	16	38	12	36	31	38	30	18	29	40	42	25	19	31	31	20	40	25	40	30	2	12	18	34	22	16	4	29	35	16	34	28	41	14	34	30	48	14	48	49	21	27	10	48	30	21	21	11	48	31	2	22	38	32	35	30	43	24	43	18	33	16	6	24	23
7	39	21	23	43	29	47	31	47	9	47	19	42	15	45	3	45	16	1	30	14	9	3	36	42	25	18	31	6	11	37	21	19	37	9	5	32	32	41	11	25	35	23	8	22	26	24	39	42	30	31	30	7	16	2	15	38	21	5	4	2	15	49	2	47	35	29	17	24	21	42	35	3	24	14	29	11	40	32	6	44	13	36	42	44	38	49	10	19	45	39	40	16	29	31	26	37	17	47	3	24	5	34	36	10	16	31	41	3	15	9	46	37	16	45	49	8	34	42	6
9	11	40	17	27	6	40	34	19	40	14	6	32	33	13	16	3	28	32	20	40	18	21	46	29	11	26	42	50	28	29	28	32	28	3	41	43	9	3	10	46	1	48	40	14	25	9	27	3	47	39	15	42	8	17	42	36	36	48	39	38	32	45	49	28	33	36	32	23	38	1	12	47	11	44	1	17	42	43	3	38	42	2	11	31	23	29	7	48	3	40	4	6	24	42	26	29	7	50	24	3	32	23	46	35	31	15	12	32	42	14	30	24	35	49	37	15	12	14	28
31	34	5	5	7	41	32	16	11	40	23	26	38	21	45	34	42	47	48	4	46	44	26	8	3	4	21	46	12	33	35	4	10	21	41	29	24	11	25	31	4	12	12	26	27	11	47	27	31	8	41	4	7	9	49	49	24	37	14	10	38	31	16	14	16	5	47	26	28	6	24	20	48	42	48	47	47	42	3	31	18	5	23	36	14	46	15	44	22	49	33	11	11	47	18	26	47	4	22	35	6	35	41	13	16	35	22	32	44	28	12	27	26	31	11	13	32	43	38	4
48	21	42	34	49	28	12	45	42	10	13	12	42	42	13	10	29	1	47	35	27	28	8	42	43	39	33	14	44	30	32	22	35	8	29	36	41	22	45	7	12	29	49	13	14	39	28	37	23	32	45	8	8	8	11	49	6	31	3	22	23	5	35	43	45	41	18	8	18	5	17	44	49	17	2	31	4	10	25	31	19	12	17	19	16	11	46	17	37	34	10	44	19	20	13	42	16	46	40	12	4	22	41	16	35	18	36	11	10	1	36	32	25	49	36	23	48	20	13	40
37	16	23	32	7	23	3	30	20	6	44	5	24	45	17	19	39	5	22	32	24	16	24	2	45	26	38	49	32	20	14	36	16	34	11	49	13	25	4	22	22	46	18	28	19	12	13	48	37	41	4	1	45	15	7	31	45	4	6	37	34	16	48	14	15	29	42	19	20	6	44	44	37	45	46	36	24	22	20	32	23	30	33	25	13	24	20	36	2	15	45	49	29	34	40	32	48	31	46	5	3	19	13	12	23	44	12	7	17	19	27	44	4	20	45	40	21	48	46	14
37	7	35	11	15	20	45	23	7	9	3	18	25	46	24	33	30	37	50	27	10	23	3	2	37	39	42	23	20	24	7	28	1	15	14	18	49	41	50	5	36	7	40	31	39	13	23	23	6	4	45	7	14	39	34	30	38	43	19	37	29	6	8	48	31	10	49	15	41	9	15	42	7	26	13	46	11	8	13	34	48	3	37	27	29	48	42	37	42	40	28	25	7	26	3	38	43	10	20	38	26	32	1	31	5	43	9	17	37	19	4	26	37	44	2	6	28	22	48	6
25	2	40	43	14	42	41	11	35	10	24	43	50	38	39	13	33	2	3	4	46	19	12	21	18	33	15	13	4	21	37	14	33	30	41	6	23	24	49	39	6	30	17	38	43	28	24	26	29	43	40	20	12	27	28	44	25	21	18	47	27	38	10	26	37	13	24	15	2	28	1	18	39	45	42	36	6	31	46	2	24	23	31	28	19	23	20	44	9	34	8	31	26	24	32	17	7	38	46	38	16	44	47	29	33	21	32	32	15	5	14	27	21	38	2	23	10	15	37	17
5	16	23	29	42	49	5	47	39	22	9	34	14	45	43	42	8	28	26	39	21	9	35	46	25	35	27	19	41	34	30	47	37	17	24	39	6	27	33	25	21	8	31	10	5	33	38	2	12	7	7	38	20	21	11	30	35	6	4	28	31	38	8	44	36	18	42	36	35	37	5	45	5	43	12	5	48	24	14	31	7	5	24	44	44	21	47	20	9	3	48	43	3	24	18	45	29	41	8	27	15	25	36	24	43	30	1	19	5	2	32	49	36	2	27	8	12	17	21	2
27	20	5	38	25	14	25	41	44	2	40	46	28	48	31	14	2	44	5	12	17	27	43	28	40	41	43	33	15	14	7	25	30	34	5	43	20	13	9	48	21	39	44	24	44	34	10	34	48	8	2	5	20	12	22	49	6	20	43	24	31	19	27	36	14	44	20	45	45	46	27	11	19	13	8	26	20	41	43	41	32	13	20	24	38	10	37	40	50	4	39	40	34	16	45	18	49	40	11	32	38	9	26	46	15	11	20	22	38	41	12	47	48	45	3	14	8	21	37	8
22	14	46	18	30	17	2	45	14	23	4	35	37	12	11	49	32	18	24	27	14	41	2	15	38	39	21	40	46	11	25	23	42	38	18	9	16	15	13	33	45	24	7	44	29	43	23	43	3	11	22	39	41	44	50	23	47	20	26	31	15	22	47	44	29	26	22	28	44	33	37	27	16	6	23	32	5	37	14	49	24	7	44	19	28	30	46	15	26	20	36	20	6	25	2	40	40	25	5	39	17	49	37	40	33	30	48	7	27	41	16	29	36	25	39	38	20	13	5	31
10	22	32	39	18	49	33	16	32	25	20	48	20	7	38	36	2	26	12	31	26	6	46	16	39	12	26	47	4	32	50	4	25	32	23	21	45	37	27	9	35	48	24	29	39	17	6	43	36	26	2	8	22	42	19	47	11	8	40	49	38	31	37	39	14	45	7	27	19	8	10	24	32	4	36	7	22	3	49	25	9	7	49	4	4	8	38	32	3	38	42	7	11	20	8	50	48	2	9	25	18	22	50	44	41	13	11	41	22	1	49	25	31	6	42	19	19	15	45	16
45	17	37	14	7	35	21	47	19	43	32	27	13	2	37	33	5	49	44	26	24	40	14	7	32	9	3	30	26	39	3	46	15	3	30	42	6	23	34	2	16	27	48	49	20	16	7	17	21	25	20	30	24	41	43	43	34	26	22	48	44	35	24	27	47	48	12	17	35	37	36	3	32	33	2	33	33	48	8	30	41	37	22	23	33	18	5	5	14	39	16	21	29	24	2	18	49	14	25	43	6	49	8	33	2	41	9	5	35	38	33	24	49	44	36	29	45	37	30	47
41	27	12	42	30	44	3	27	18	47	39	18	19	15	28	31	1	30	8	33	28	37	36	38	37	2	45	28	21	48	34	36	38	20	19	11	9	44	9	15	32	19	47	30	37	34	2	18	40	6	24	42	40	20	23	21	21	26	34	4	17	37	17	30	33	42	37	30	25	15	21	38	8	13	38	18	43	29	45	5	24	37	11	5	33	20	41	39	6	25	5	9	27	17	40	35	47	33	49	29	17	21	30	49	30	18	39	14	16	48	34	18	14	5	27	8	17	2	2	20
45	49	36	6	47	40	33	20	23	17	49	16	23	49	32	9	42	13	35	38	49	47	48	35	14	8	19	23	23	37	4	39	40	45	9	28	4	31	10	32	41	5	43	11	30	11	32	47	11	41	11	12	13	45	26	34	41	7	45	42	5	33	27	49	26	16	32	45	13	18	25	29	35	34	7	21	19	33	33	13	5	40	13	9	35	6	2	11	41	32	20	34	19	50	15	25	4	16	25	39	32	32	2	13	12	35	30	17	48	29	16	29	37	6	18	12	20	38	38	37
9	50	20	3	37	40	4	29	49	17	13	34	43	11	35	3	25	48	3	48	24	14	43	22	16	43	22	17	36	40	28	41	36	42	37	16	30	26	31	44	17	31	8	49	5	20	49	7	19	11	18	19	34	18	27	35	12	13	20	10	46	40	45	2	20	31	26	34	36	29	39	22	23	46	25	30	28	34	34	33	33	43	10	47	45	33	49	23	8	25	4	46	21	13	28	38	24	35	41	33	40	27	42	34	36	22	6	25	21	6	19	49	22	9	44	15	7	7	10	42
5	45	38	2	37	29	44	16	15	43	33	6	37	14	14	9	49	9	38	34	34	4	36	45	18	8	32	41	49	16	15	26	45	37	49	30	41	40	13	36	44	43	30	42	35	47	33	20	5	22	18	7	28	31	23	49	8	33	10	44	35	47	40	26	8	12	34	33	12	29	19	25	40	21	46	48	29	28	44	48	36	50	38	27	41	3	23	14	36	49	11	27	24	12	30	32	44	44	24	6	46	49	40	46	26	35	23	43	43	32	29	34	10	29	30	38	43	42	1	50
4	45	27	26	38	20	7	6	24	21	28	43	49	1	6	18	12	27	36	39	29	35	13	16	1	39	30	37	3	27	15	2	34	43	19	2	17	27	24	43	32	26	33	20	45	31	2	32	1	42	32	29	36	14	30	45	20	24	44	7	16	20	44	16	46	15	15	34	22	40	22	18	24	46	43	41	3	36	12	48	4	32	14	25	14	30	44	10	18	41	38	13	16	12	46	19	39	9	49	14	22	27	26	14	6	32	11	45	40	2	10	31	24	47	45	17	11	6	27	2
47	7	40	4	49	34	8	44	45	17	48	36	18	4	21	19	28	14	39	43	21	3	7	13	7	42	19	47	10	42	38	48	10	28	44	20	3	33	6	12	43	50	47	26	21	43	19	50	10	26	26	18	38	32	44	7	40	41	9	11	22	15	23	22	24	13	24	19	25	43	32	27	2	8	10	26	4	6	35	38	20	24	5	23	22	23	4	46	44	29	27	6	17	30	46	39	26	29	6	19	27	25	5	45	8	35	42	4	13	7	34	22	5	30	24	20	39	26	11	17
1	42	4	6	19	18	6	43	40	5	35	22	13	45	4	2	45	35	33	10	13	28	8	32	48	6	3	31	32	8	2	49	3	10	14	27	32	42	49	28	16	29	21	28	20	12	9	29	40	18	4	7	19	12	45	11	49	24	35	37	10	27	48	8	14	39	45	20	10	18	36	17	22	3	14	32	6	13	31	33	24	50	8	15	48	22	13	42	32	19	12	36	44	26	33	20	19	35	14	36	7	44	33	23	45	15	22	47	18	42	32	29	44	12	15	45	39	40	41	42
50	20	46	41	16	30	36	16	30	18	46	38	24	5	19	45	41	43	26	49	30	9	12	3	20	35	48	13	40	13	23	34	36	33	5	46	11	42	16	8	17	8	18	34	45	25	44	48	39	16	9	21	22	45	12	5	43	43	22	49	12	12	7	21	9	9	26	23	40	47	3	37	44	17	44	2	6	33	14	42	19	8	11	37	14	20	10	16	8	35	49	6	8	45	28	17	34	40	32	16	10	49	37	39	30	15	7	32	49	44	19	29	16	37	31	11	46	48	22	29
27	5	20	24	10	11	49	45	47	9	36	29	31	2	18	25	4	22	46	48	4	18	13	18	3	11	29	11	40	4	28	22	5	24	5	46	33	27	8	23	25	40	33	49	8	10	42	4	46	47	14	9	48	3	29	45	6	10	38	48	2	34	2	2	38	46	8	7	32	20	3	8	33	47	2	49	48	26	39	21	30	29	46	46	40	29	40	37	28	27	23	50	42	13	31	4	11	46	6	34	14	28	16	15	38	29	20	5	20	39	42	32	49	4	38	45	43	35	16	10
32	22	41	49	24	45	2	4	4	39	12	4	9	43	23	21	4	27	11	45	21	19	9	15	11	49	7	6	33	35	11	34	42	36	22	22	43	17	34	8	4	15	32	37	24	14	42	13	44	26	29	13	36	12	28	14	25	38	30	16	29	19	23	3	12	45	14	27	46	13	40	30	42	12	6	30	50	29	35	25	7	20	36	38	13	42	12	29	10	16	31	18	17	16	29	9	5	42	4	25	30	3	11	12	34	16	10	41	14	47	24	40	26	20	16	29	36	35	24	30
11	10	25	49	32	10	27	4	34	47	44	19	27	21	44	4	48	9	41	47	1	36	27	20	45	32	10	30	9	42	34	37	8	17	14	18	22	2	46	17	3	5	29	5	22	22	44	25	20	4	3	2	12	45	45	6	32	15	47	44	18	19	26	47	13	32	18	35	40	48	49	42	27	30	33	16	40	29	33	25	9	38	34	5	37	46	37	24	10	50	4	39	44	2	45	6	48	32	16	7	28	46	33	38	21	46	21	29	20	36	4	35	42	21	37	10	45	26	32	31
12	2	43	15	20	36	16	34	42	14	29	16	45	2	7	23	27	42	33	26	33	45	22	39	28	19	46	38	47	25	29	21	30	11	16	25	9	5	38	41	28	42	24	34	27	32	32	18	8	5	34	9	21	27	44	45	39	8	12	16	18	4	12	30	17	4	10	20	4	8	5	43	2	6	48	13	18	9	39	18	35	30	49	6	9	16	6	28	27	39	16	44	31	2	39	6	37	35	40	42	20	30	25	47	27	19	4	26	40	2	49	1	34	37	39	30	18	30	7	21
38	47	31	27	17	39	47	49	41	42	21	17	11	34	18	18	31	5	5	37	38	14	39	26	23	29	7	3	18	18	16	12	15	49	28	17	7	48	39	14	33	21	16	5	7	43	48	16	44	25	38	34	26	37	29	49	38	15	29	38	42	32	17	6	21	11	41	17	33	13	24	43	29	19	43	45	1	20	18	32	10	16	22	14	10	38	27	12	6	23	15	3	21	5	50	48	14	29	36	49	2	34	5	39	19	41	13	8	29	49	45	39	15	29	32	44	29	15	17	41
27	3	29	31	22	38	1	17	3	14	26	22	34	46	38	7	29	3	15	14	1	41	18	35	33	5	18	33	38	21	12	25	6	14	2	28	18	12	28	23	13	49	46	6	42	33	5	47	25	22	6	29	46	5	47	21	19	43	14	38	17	6	32	13	25	3	24	9	41	33	26	31	24	47	22	13	16	48	23	19	18	12	24	50	2	5	6	29	8	20	10	32	31	20	16	36	7	17	42	21	20	10	40	11	48	42	43	5	21	2	5	39	42	7	9	36	13	45	3	37
12	16	8	13	19	7	4	5	27	21	22	12	44	27	34	14	33	4	8	49	24	31	29	8	4	39	20	50	38	24	23	49	47	9	2	35	18	39	14	26	27	39	14	18	3	2	9	32	13	23	10	21	30	50	2	27	37	18	22	3	36	28	45	47	18	12	34	25	46	49	48	36	35	27	39	25	11	13	2	5	24	28	35	37	35	21	19	47	47	20	35	26	26	35	31	28	46	5	33	26	21	15	22	36	24	37	38	44	20	11	41	27	49	34	26	1	37	49	5	48
15	31	31	41	27	15	36	45	46	2	18	47	24	45	9	23	45	43	37	44	24	27	12	50	26	42	46	13	34	9	8	22	2	3	38	7	45	14	10	16	43	4	26	46	32	48	10	12	19	37	24	48	34	31	7	45	18	33	20	3	7	1	48	33	29	19	9	32	12	2	14	19	22	30	4	26	7	49	49	5	49	12	38	43	47	2	2	13	46	22	3	43	37	41	17	12	4	42	42	45	31	40	4	28	34	37	45	15	37	42	45	22	3	44	8	44	30	38	41	19
16	1	44	2	19	43	21	17	45	6	44	36	44	38	46	24	29	31	29	27	12	8	11	27	18	18	7	40	1	3	17	32	36	9	12	43	1	31	46	37	23	48	9	38	24	44	34	19	23	12	37	36	33	28	15	42	8	9	20	18	7	38	18	34	48	12	32	36	3	24	48	34	29	30	29	25	45	14	49	7	17	5	23	46	10	29	13	49	5	3	29	40	41	22	29	39	30	24	12	42	21	2	9	29	13	48	26	36	37	37	14	41	48	44	5	15	38	12	44	45
47	21	32	7	28	19	47	40	21	1	27	4	36	11	22	42	41	31	15	20	28	42	19	13	2	41	9	35	18	48	43	26	23	5	11	43	45	33	22	11	40	37	5	33	28	38	35	24	25	12	49	31	8	49	13	7	36	25	13	33	48	15	33	9	42	6	44	8	14	21	30	3	34	21	3	43	19	32	29	26	44	41	13	43	38	18	19	17	25	12	42	21	32	6	33	32	22	25	38	24	3	8	9	17	41	8	31	15	38	15	15	14	21	12	26	39	29	43	36	12
17	44	6	48	6	48	16	21	28	24	22	44	45	40	1	46	11	41	41	12	5	26	26	15	11	18	20	42	4	20	21	27	28	17	37	11	40	33	28	5	29	27	6	45	15	49	14	45	40	41	42	39	38	6	17	14	47	26	15	32	28	32	44	8	8	23	49	40	39	5	15	8	25	18	29	18	31	27	2	47	48	31	18	6	49	41	22	26	24	4	27	34	45	34	24	37	37	7	13	6	22	8	33	46	20	16	28	36	16	22	18	48	8	11	25	6	44	24	15	49
19	23	10	2	36	20	23	26	41	14	37	14	31	13	20	3	8	2	20	18	29	41	11	16	27	16	18	21	41	7	18	11	7	11	20	49	41	12	26	24	23	22	38	41	3	34	32	14	45	6	49	24	3	28	21	28	19	44	10	32	6	13	38	42	16	16	15	15	45	32	48	39	16	29	11	40	12	19	15	16	38	32	43	45	48	12	4	36	37	1	47	29	43	30	37	17	18	34	16	14	46	11	45	35	47	16	5	44	50	50	42	46	43	10	13	21	18	19	49	23
12	13	10	41	21	44	36	15	28	46	27	24	14	10	24	43	24	43	45	16	6	6	9	22	33	11	5	48	24	6	32	44	7	30	23	36	20	20	33	44	34	29	29	19	38	38	9	8	19	37	28	32	17	23	13	50	16	7	35	31	5	16	10	21	32	27	18	23	47	29	7	29	31	31	41	6	20	12	34	42	3	14	32	11	32	12	4	21	22	43	28	5	39	32	40	27	11	47	18	18	36	23	27	24	11	1	3	45	30	15	49	28	45	2	7	3	29	9	32	14
24	37	14	7	22	35	41	29	47	34	47	25	16	40	17	19	8	29	31	36	18	50	33	37	28	14	8	9	28	26	41	35	26	9	3	13	16	15	13	32	33	6	33	41	50	33	43	36	8	43	7	4	37	33	29	49	44	11	4	10	22	23	5	39	48	48	39	18	20	9	43	21	8	18	13	2	7	37	40	1	39	7	9	35	14	15	38	31	10	39	20	28	32	49	18	47	35	38	1	34	18	20	33	22	5	9	1	27	26	4	45	26	41	48	36	36	16	30	49	5
18	43	30	36	32	32	19	15	8	48	30	26	42	2	24	44	40	22	35	5	42	32	19	26	4	37	4	33	6	43	35	25	43	27	8	33	2	26	9	31	28	26	18	31	29	13	4	18	8	47	13	5	43	24	25	41	34	40	48	1	18	46	17	7	49	29	39	38	32	40	23	48	38	11	30	22	37	16	23	2	15	43	32	14	38	7	19	30	27	3	27	30	14	24	26	9	21	9	9	25	5	11	26	22	9	7	42	3	44	25	50	6	25	13	38	11	13	45	32	45
40	48	23	48	42	16	29	31	8	38	28	42	46	37	7	29	26	44	23	17	8	29	21	50	11	22	44	33	25	12	33	12	5	11	44	13	41	34	49	5	26	38	2	48	30	28	42	11	36	15	29	47	19	32	36	14	9	22	22	26	2	26	15	37	16	6	37	17	40	38	37	38	16	25	17	3	36	16	20	37	28	16	33	22	38	6	8	43	47	33	45	39	7	26	17	33	13	16	27	23	29	8	37	38	12	14	7	48	12	50	29	45	33	17	16	27	4	4	5	34
39	42	16	11	23	9	44	49	36	44	6	28	20	19	20	48	35	40	26	22	14	11	27	45	22	46	10	16	44	23	36	36	49	18	2	33	25	16	3	19	14	34	2	39	20	24	14	28	22	20	1	28	41	48	48	10	14	39	27	32	44	12	3	6	3	34	31	4	16	32	22	44	18	21	16	19	18	2	36	35	48	6	41	48	49	23	42	12	5	45	24	13	21	5	32	2	31	33	49	14	19	2	15	23	3	23	8	32	29	45	28	26	21	4	12	41	29	27	49	4
13	19	2	33	25	40	48	29	42	23	22	3	12	14	25	24	6	2	38	45	42	24	8	31	45	19	3	4	29	46	11	9	2	11	33	27	7	15	29	29	10	36	17	28	20	28	7	37	49	20	13	21	15	35	2	24	23	10	40	35	40	26	34	15	34	37	7	47	33	34	14	46	42	2	24	46	27	13	24	34	42	10	50	37	19	3	11	32	22	11	38	15	26	24	11	3	47	14	5	5	22	44	48	30	10	49	22	46	20	10	43	7	10	40	47	35	22	12	42	23
5	44	39	41	42	33	24	10	30	26	11	39	39	17	13	12	13	43	5	34	39	1	19	39	49	39	20	20	12	1	4	17	19	41	15	30	40	43	30	6	19	2	33	27	36	8	7	1	48	3	40	6	30	8	48	40	18	11	23	27	45	10	24	22	47	13	20	7	15	48	22	32	16	31	11	6	24	39	46	29	27	50	23	8	31	42	23	49	9	17	37	37	31	15	8	2	47	22	13	20	19	7	46	5	42	23	15	3	3	33	3	5	9	14	17	37	32	21	6	3
43	30	16	25	26	11	46	19	23	20	46	8	15	5	17	35	34	25	19	23	8	43	6	18	29	12	23	9	12	36	48	37	28	9	4	9	11	50	6	16	37	10	9	21	21	5	46	37	13	3	23	7	46	45	3	47	11	44	28	2	48	36	20	35	41	40	28	24	14	24	20	28	43	38	9	42	24	12	3	20	16	39	15	9	16	22	17	37	48	44	14	5	38	48	13	21	9	39	18	37	17	9	29	40	43	33	29	44	34	45	2	22	8	16	2	20	44	39	7	12
25	42	7	23	44	40	2	7	30	11	42	34	32	30	22	43	38	9	40	7	3	41	40	2	41	9	6	23	11	30	32	27	9	5	23	11	36	32	37	33	4	43	34	43	42	11	40	26	19	16	32	41	10	21	48	15	34	24	16	32	30	20	20	41	7	15	22	31	9	24	37	32	16	5	4	36	33	48	45	4	6	36	20	17	5	21	28	36	36	31	46	42	30	44	35	8	21	20	46	34	27	35	6	2	47	40	42	31	5	34	5	5	18	42	15	13	15	34	12	49
49	8	5	29	44	36	49	7	30	9	19	47	44	37	27	33	30	44	11	44	33	4	16	28	48	11	45	47	17	22	32	5	41	46	22	39	13	24	25	29	35	29	19	41	20	24	10	38	4	39	45	19	45	19	23	49	20	31	42	33	13	1	47	30	12	7	2	41	32	20	25	21	18	11	33	48	2	4	9	7	36	37	22	34	49	34	33	33	14	35	21	19	36	39	48	15	34	5	18	25	48	15	7	35	32	5	49	45	1	9	6	3	11	46	12	26	13	9	31	28
35	41	20	18	26	43	41	33	15	14	46	16	30	32	5	16	46	22	33	46	46	39	17	23	47	48	25	42	26	32	29	24	43	28	35	28	16	6	29	28	27	26	33	17	14	38	42	39	12	25	45	45	2	27	15	5	46	10	6	2	25	12	41	48	31	38	14	33	18	42	14	17	40	22	12	49	24	16	2	46	4	22	49	15	47	35	48	30	26	7	4	16	25	3	26	36	11	43	4	31	25	37	46	20	30	43	40	27	32	33	5	44	11	37	37	44	28	32	7	46
43	17	6	10	7	2	9	46	5	46	49	3	30	4	30	47	26	20	39	14	43	41	45	22	9	26	37	25	16	27	41	38	1	43	31	10	26	14	46	17	24	29	2	17	20	13	9	18	5	13	28	25	45	26	42	33	12	22	16	4	40	27	21	17	24	15	46	10	28	12	20	43	8	45	37	15	14	45	11	33	35	28	36	7	41	40	17	29	5	30	5	3	16	23	8	1	45	5	10	15	21	18	35	44	25	40	15	27	12	28	3	23	27	48	30	19	37	22	16	49
43	6	12	40	18	28	30	19	7	24	34	4	5	36	26	10	49	32	49	39	32	31	44	33	27	35	10	32	34	17	39	7	48	17	44	24	32	45	31	33	7	25	13	25	10	34	11	26	22	20	48	14	26	44	3	20	33	42	5	16	32	13	35	14	6	42	28	33	6	21	31	43	16	7	32	41	16	2	38	19	39	42	41	37	48	5	32	39	1	31	24	9	49	26	37	35	36	9	6	35	16	13	10	31	36	28	12	48	41	31	21	33	37	41	28	42	36	35	3	16
21	27	6	28	17	31	27	3	46	34	49	25	37	27	8	14	29	37	24	25	27	37	2	20	14	45	19	7	42	39	31	41	21	26	24	24	16	16	27	38	16	33	50	10	10	30	4	2	12	40	20	14	3	40	34	48	10	14	21	43	2	47	9	16	30	21	37	36	44	27	3	18	13	22	30	10	27	26	38	46	14	17	21	48	22	19	14	29	41	7	48	25	19	15	16	35	1	9	45	38	32	23	10	44	47	6	27	10	45	31	35	37	31	42	38	23	12	38	1	42
5	41	1	47	17	27	41	34	30	35	31	3	42	8	14	14	42	21	40	4	13	40	34	35	8	23	5	38	21	47	36	1	8	37	24	33	19	10	15	32	38	40	14	42	19	19	38	33	19	23	17	17	31	9	37	28	12	36	22	15	50	48	44	3	27	11	38	34	33	6	47	49	4	30	25	50	44	18	10	21	37	44	19	47	33	38	6	27	30	45	30	19	4	18	33	41	24	43	36	33	17	24	28	12	25	17	6	7	32	49	37	12	17	41	46	21	28	2	17	16
16	33	30	8	26	18	20	17	27	19	7	30	9	3	12	36	32	33	21	9	4	17	45	10	15	18	19	48	33	21	25	46	47	11	41	42	8	33	9	42	37	48	39	49	49	20	18	35	15	36	11	15	43	43	42	10	11	9	3	39	25	24	10	38	5	48	37	47	1	11	10	33	5	49	39	31	40	3	43	39	5	9	32	22	38	3	32	5	4	19	26	12	49	34	8	12	21	50	11	28	24	22	3	39	25	20	43	42	37	26	49	28	6	13	46	27	17	36	14	8
34	45	49	39	27	35	8	31	31	23	21	35	1	38	2	14	32	36	35	35	7	11	9	18	17	46	48	12	32	32	19	25	25	11	7	6	31	18	37	41	34	45	48	33	48	45	34	29	7	23	41	37	18	46	30	28	3	40	29	30	28	6	41	36	13	3	4	34	12	40	12	24	41	43	5	43	29	2	43	34	41	49	30	20	13	7	44	44	14	12	14	24	20	48	13	36	5	19	16	8	43	38	16	25	5	44	30	21	17	3	46	11	8	31	48	9	24	17	10	47
10	13	14	33	38	29	38	18	45	45	28	7	19	14	31	49	34	9	16	44	3	37	39	7	21	1	39	30	17	12	12	23	30	10	40	16	19	13	18	47	13	17	17	15	31	15	24	13	49	15	48	20	14	17	38	7	18	38	27	36	17	37	17	18	27	46	38	4	30	41	44	12	3	2	17	27	15	44	16	6	44	38	6	9	21	29	28	11	38	19	17	6	47	5	23	21	49	28	16	4	30	13	34	37	24	33	3	37	21	25	1	17	21	22	42	33	48	46	26	43
47	19	20	11	8	15	22	14	25	13	50	24	33	8	34	29	39	10	19	13	20	2	32	29	6	44	44	6	50	32	10	13	6	22	21	41	25	19	19	14	47	8	36	5	16	37	25	47	14	31	33	42	38	37	14	34	32	24	48	29	48	27	21	9	12	10	3	32	20	2	7	43	32	43	38	17	39	26	25	18	35	36	32	34	38	49	39	9	22	42	23	4	35	48	22	48	7	31	40	35	9	42	15	17	22	1	31	11	46	43	32	14	32	47	31	14	26	42	31	41
42	13	27	37	8	9	19	34	13	21	4	31	37	50	9	45	3	35	2	30	1	30	35	6	24	45	36	14	30	43	22	41	15	47	44	30	5	48	19	22	44	36	26	43	43	25	47	45	29	22	15	49	6	32	15	47	34	37	8	44	30	39	48	15	18	24	49	24	31	7	39	15	35	49	5	7	6	24	43	16	37	48	32	23	29	30	35	26	33	46	19	2	2	34	39	41	28	5	3	3	8	24	33	16	40	43	36	20	36	2	14	38	34	49	10	13	42	4	43	34
3	36	40	5	41	21	44	48	30	47	26	2	8	31	10	21	46	21	35	24	17	48	24	1	21	36	12	27	20	28	17	29	36	46	7	17	12	36	29	45	19	21	14	43	15	30	10	36	45	39	26	23	32	7	16	4	17	18	13	22	18	45	24	9	29	32	11	7	45	14	34	23	35	23	5	22	3	8	8	26	26	35	45	43	49	35	8	20	14	17	43	7	26	37	44	10	29	39	36	9	13	19	3	1	31	22	42	9	10	41	43	42	43	5	22	34	50	18	42	15
35	22	9	37	6	42	49	6	23	30	9	46	15	23	39	27	25	6	24	11	35	27	3	5	40	23	45	42	26	22	45	45	3	18	34	6	40	44	12	47	40	26	27	20	11	44	40	2	24	45	9	22	2	30	9	40	6	14	12	43	29	44	3	46	6	22	35	45	46	43	43	13	35	13	30	43	26	40	37	28	12	41	36	12	3	32	14	27	44	16	42	30	16	42	49	29	22	45	3	43	10	36	8	12	15	2	25	9	29	25	15	6	31	45	27	29	18	12	50	47
33	19	20	30	5	30	3	42	24	48	8	22	37	43	12	33	23	41	31	28	10	4	47	13	49	5	35	39	2	42	45	8	31	39	12	22	42	49	1	29	4	34	41	48	19	44	33	34	9	38	22	5	17	23	45	9	34	15	41	29	9	14	36	35	15	17	31	20	41	35	23	21	46	46	2	43	3	34	46	3	28	3	24	42	36	37	32	48	17	25	15	24	32	24	10	16	19	46	48	2	25	43	6	37	2	26	4	2	35	33	36	29	9	6	8	33	39	10	18	30
37	28	17	39	8	24	27	38	6	4	38	21	6	19	15	11	22	24	47	28	15	46	29	50	25	16	9	37	20	47	42	9	7	30	44	35	20	42	33	49	6	31	10	22	27	18	39	17	41	13	2	18	26	17	2	20	31	49	13	35	42	45	2	15	24	15	11	26	21	28	33	3	48	8	12	16	25	9	4	34	20	8	12	27	20	29	46	32	45	6	3	10	15	24	49	50	5	25	21	14	1	30	47	6	15	20	5	4	11	14	22	16	8	36	29	4	4	19	16	39
34	49	16	22	9	11	29	22	34	45	29	8	45	38	13	9	8	19	17	19	31	5	3	15	21	20	25	13	46	20	24	13	40	36	38	25	48	45	5	16	3	45	44	35	28	24	47	45	8	29	33	47	28	37	15	6	38	44	46	50	49	39	13	31	41	6	21	27	2	6	32	41	28	42	20	44	1	28	38	49	21	9	46	28	46	47	17	26	31	27	30	30	10	14	2	23	21	5	5	39	41	10	31	33	32	23	3	4	42	8	39	39	42	5	49	1	15	11	39	10
25	28	10	27	44	15	21	43	7	20	48	31	11	28	29	48	14	33	8	28	2	7	46	3	28	27	34	10	46	41	2	41	35	13	11	14	45	6	16	33	32	32	22	37	26	48	15	3	39	2	41	3	3	35	2	20	15	10	14	23	40	3	1	24	20	21	13	37	29	38	3	34	8	37	48	35	1	5	43	28	8	1	31	40	28	37	30	40	41	3	29	33	44	27	32	44	41	25	10	36	46	12	13	23	48	17	38	40	20	41	39	28	30	32	48	13	10	40	36	33
16	10	37	46	37	12	42	1	4	47	4	23	20	39	28	35	41	32	47	8	7	4	2	10	42	31	28	30	6	31	37	49	41	27	18	34	27	44	19	14	6	6	50	6	5	39	42	11	6	29	48	3	8	20	48	21	45	17	33	49	34	40	20	41	1	16	50	13	7	36	15	28	37	39	4	49	12	9	10	19	18	8	24	48	12	10	46	28	45	17	29	23	14	46	7	29	32	49	48	18	9	8	7	12	40	21	39	36	19	33	40	47	44	20	38	21	3	19	22	21
29	18	6	39	11	3	4	20	23	44	6	41	15	14	4	41	41	48	4	45	38	45	6	24	47	25	8	8	25	26	9	12	47	3	13	43	47	30	48	23	29	42	11	16	18	27	23	10	35	38	29	17	21	43	41	41	33	18	38	10	15	44	28	21	22	42	20	4	43	49	33	7	12	13	6	40	49	28	23	23	30	26	24	3	18	40	31	27	45	33	45	24	47	40	32	45	8	10	25	21	22	3	33	25	15	10	26	7	5	47	39	4	24	19	48	31	16	42	31	12
32	39	13	3	29	17	37	31	30	37	9	26	2	21	5	44	4	36	43	29	6	10	15	4	9	19	25	44	2	8	15	2	27	33	33	46	26	7	25	9	25	47	18	40	40	4	15	25	4	16	8	38	32	31	30	8	22	38	46	11	3	16	44	32	40	21	44	26	15	21	32	36	26	30	49	39	48	21	13	44	33	50	37	15	26	49	8	40	41	8	36	38	3	6	35	14	35	3	20	30	18	49	3	7	13	19	16	20	32	22	40	25	50	34	9	43	33	34	24	17
2	42	4	27	48	41	26	42	1	13	16	48	8	4	8	45	29	4	46	39	5	22	45	10	20	4	18	13	13	14	4	30	23	48	11	13	34	19	1	3	8	7	22	44	40	8	5	48	19	4	8	39	16	13	27	38	32	44	44	10	46	5	25	41	1	13	3	21	37	49	12	35	32	5	4	3	28	2	47	9	12	36	36	10	10	2	31	36	11	5	23	28	19	36	8	42	40	4	22	46	41	19	39	41	49	3	19	9	13	48	47	17	4	23	44	48	15	11	46	45
21	21	29	24	2	9	18	8	36	2	36	43	18	42	43	33	32	36	23	49	3	33	34	32	26	17	39	19	12	25	12	47	37	18	15	45	35	33	36	37	25	42	16	46	41	10	33	19	29	15	25	27	7	28	50	20	47	30	4	40	7	38	23	2	33	10	39	36	23	44	36	28	16	8	12	35	41	42	45	3	31	35	38	30	33	32	8	42	31	49	13	6	44	8	29	8	37	8	26	19	34	40	46	48	46	16	13	6	46	25	40	43	24	41	33	6	13	47	16	6
27	17	31	7	40	33	29	7	10	41	32	21	33	8	3	41	26	49	38	25	43	4	47	36	25	18	9	44	41	31	8	39	32	27	47	16	20	17	32	45	13	13	34	28	15	29	27	8	33	48	31	6	12	7	42	15	1	48	34	22	7	14	27	17	3	38	30	42	17	24	35	21	2	24	27	13	14	1	6	36	36	6	8	42	24	19	10	37	32	3	42	4	41	17	13	49	3	17	34	30	46	45	46	18	41	33	18	17	36	28	46	19	10	13	14	24	17	23	8	4
32	22	46	20	17	33	37	15	43	28	21	40	30	42	47	40	39	21	34	34	48	22	5	41	35	45	2	27	27	46	2	23	47	10	38	5	21	29	1	8	46	15	36	15	18	29	32	42	8	9	3	50	36	12	36	23	3	9	13	26	48	33	34	14	10	44	43	7	18	31	9	2	36	12	49	2	13	33	30	49	25	15	49	43	35	18	12	3	38	9	44	6	34	46	46	11	27	15	12	31	28	2	5	50	6	39	21	45	27	47	44	17	9	15	19	40	37	42	50	10
14	44	49	13	50	47	40	3	29	42	44	38	23	46	49	22	32	20	8	33	50	36	4	32	30	3	32	4	45	17	7	18	14	32	13	7	34	32	8	30	49	6	8	39	47	34	36	10	20	24	46	26	39	16	6	2	33	12	30	20	24	4	30	39	7	21	6	47	23	39	15	20	42	37	7	34	30	27	3	50	2	33	45	27	32	39	31	22	10	9	26	43	31	44	45	2	29	14	14	10	13	14	5	2	15	5	16	43	22	15	27	21	20	45	44	10	10	22	38	32
33	35	44	36	11	33	19	7	16	36	38	39	33	40	20	23	34	46	45	36	46	9	38	27	49	21	12	18	3	22	4	20	40	41	48	16	10	26	6	27	22	28	44	32	50	5	12	49	21	15	6	44	27	44	17	8	5	45	33	49	12	41	25	6	14	7	34	37	16	26	34	26	32	26	26	31	22	10	3	33	25	19	8	30	19	35	30	27	33	18	49	13	19	46	38	30	7	40	9	47	28	40	1	22	10	14	47	24	47	23	14	20	31	11	23	26	25	2	28	15
7	32	34	9	2	43	34	36	4	44	6	28	20	25	32	40	28	7	34	21	42	21	49	3	8	15	9	26	14	20	18	6	13	1	21	36	48	34	41	11	26	42	18	13	7	43	39	36	14	21	24	29	9	20	14	46	25	2	26	48	18	36	30	16	7	4	29	17	49	32	40	4	12	20	33	29	23	41	20	43	24	32	34	46	15	17	15	40	13	23	31	28	21	21	49	10	37	38	10	39	9	26	29	39	35	40	24	37	40	3	7	25	16	19	9	41	47	26	38	31
6	42	26	38	22	14	10	26	49	13	35	35	27	2	24	12	44	39	8	5	35	16	37	42	10	2	22	43	11	30	35	11	32	26	10	34	24	9	18	6	23	43	19	17	37	4	5	36	43	13	15	23	20	18	5	37	28	6	23	39	1	32	32	21	49	2	34	15	47	12	40	22	15	20	18	37	21	20	23	6	8	13	39	1	20	16	5	6	21	6	3	31	10	6	42	40	39	33	14	9	6	12	40	46	10	32	14	50	4	34	36	38	39	28	23	19	16	12	46	34
20	44	36	30	22	46	7	32	18	26	41	6	49	49	12	37	11	40	35	45	14	22	10	34	27	18	9	49	23	24	22	7	32	30	14	4	39	41	32	30	5	27	43	48	39	15	33	49	36	32	5	16	42	12	11	39	20	9	26	39	32	37	20	26	10	32	50	19	22	43	46	16	42	17	16	5	2	23	5	23	24	3	27	8	29	47	28	24	50	13	20	44	21	19	2	14	37	40	32	46	40	20	23	41	35	12	28	31	23	41	38	42	30	34	3	34	24	12	24	9
3	2	26	28	48	45	41	18	21	44	18	45	42	15	20	48	29	30	20	45	10	29	35	47	40	49	15	29	10	37	34	18	14	13	30	27	31	18	41	27	8	12	27	17	35	35	20	35	5	32	11	38	33	41	21	27	26	40	41	31	20	48	46	50	12	24	38	3	46	10	18	38	45	15	42	29	14	4	22	34	38	48	9	4	12	39	9	44	11	36	5	21	34	44	36	35	11	40	2	12	35	2	37	16	20	39	18	25	15	49	28	47	29	11	41	37	23	40	34	20
18	16	28	13	27	13	39	18	41	48	7	27	49	43	8	25	28	11	38	36	33	7	39	21	21	27	48	16	49	50	21	50	10	29	26	23	5	25	13	20	19	6	27	33	1	49	35	30	36	42	19	28	3	5	13	16	23	23	49	13	50	25	40	16	50	17	35	42	50	35	42	49	15	49	40	25	25	1	34	17	25	22	7	35	47	50	17	20	21	8	15	46	34	49	27	36	32	3	13	8	16	43	21	47	33	42	7	11	46	49	9	39	17	39	18	23	48	6	27	6
47	22	21	37	49	40	24	17	12	29	19	10	11	30	30	33	29	11	4	49	43	26	45	28	22	18	43	26	21	27	38	42	34	45	11	47	5	5	2	43	16	25	15	5	9	23	37	44	2	11	39	36	26	21	18	31	36	49	10	40	23	9	32	11	20	12	35	27	4	37	17	19	31	26	31	40	38	5	28	27	44	4	45	42	7	46	9	29	17	26	40	24	14	37	42	15	21	5	49	46	13	6	43	31	36	21	30	41	49	25	11	9	47	42	39	37	3	5	20	44
29	26	41	23	41	49	27	19	41	13	49	43	50	13	9	36	33	48	34	17	36	31	4	29	32	10	6	21	29	15	5	36	20	12	46	37	42	49	28	7	40	6	37	8	25	44	45	46	6	3	10	9	41	30	39	43	11	38	39	40	6	15	33	41	44	12	19	38	31	50	23	4	3	30	13	29	23	38	49	16	43	15	29	12	22	34	29	26	35	10	31	36	44	41	4	44	18	13	4	49	31	3	3	24	37	26	36	20	21	41	5	26	49	26	22	17	24	49	6	25
13	21	37	6	47	38	8	17	9	12	28	23	25	36	26	18	44	33	42	35	37	42	10	38	8	34	15	37	9	49	46	20	40	39	3	10	19	45	33	21	40	7	31	12	5	37	31	48	36	24	24	17	48	38	18	34	2	19	2	37	22	20	32	23	21	22	19	34	42	25	17	38	14	7	47	49	2	37	8	32	4	2	5	45	22	13	36	12	5	2	49	2	10	33	35	13	50	3	18	40	46	7	39	39	32	24	22	49	42	45	49	31	7	17	47	33	39	9	25	17
37	25	25	24	15	37	47	12	49	15	41	36	10	49	49	36	36	16	17	20	34	8	45	39	14	6	25	33	17	15	24	18	44	31	16	24	31	39	48	7	46	45	44	35	44	47	5	17	2	22	45	1	11	6	25	30	15	25	20	20	39	6	17	23	39	32	18	7	39	40	36	48	8	13	18	28	11	14	44	43	32	40	26	42	48	9	38	29	20	3	44	8	35	47	41	14	26	23	48	47	2	46	18	7	15	41	10	40	17	18	26	11	32	47	28	7	29	13	2	34
18	7	49	8	4	7	10	44	46	13	3	34	17	42	17	7	35	42	49	43	37	15	8	38	45	20	24	16	22	13	31	5	7	20	21	45	17	27	48	37	46	17	29	43	23	26	24	2	32	20	18	21	7	2	8	28	49	24	18	50	48	47	32	49	10	34	35	12	5	34	29	11	16	24	10	5	38	45	49	49	28	36	23	6	21	17	49	37	39	7	44	40	31	44	23	2	12	15	11	34	39	48	6	5	10	45	2	11	48	14	9	4	19	21	46	36	12	34	4	38
38	19	35	15	31	17	31	21	48	8	49	44	22	41	41	31	39	12	40	49	18	46	44	46	42	47	50	5	36	23	41	23	5	4	18	29	46	24	40	50	10	43	32	6	30	47	32	33	24	25	35	2	16	41	38	46	23	4	46	49	7	47	38	16	44	27	19	42	35	45	48	48	10	40	6	6	23	32	37	11	35	9	39	4	39	8	31	11	32	3	44	30	24	7	46	28	21	10	44	22	2	2	41	12	39	12	49	40	33	19	29	33	45	2	16	8	46	42	44	47
3	17	25	6	32	7	27	14	7	34	4	14	8	48	41	4	25	34	45	23	2	41	43	35	20	1	16	47	3	33	29	20	39	10	28	25	45	2	35	34	44	2	28	39	44	23	29	2	43	13	10	27	18	16	18	26	1	34	32	9	3	26	9	32	16	43	3	38	39	48	12	20	24	9	8	14	38	5	16	24	38	4	11	5	9	6	33	20	35	48	48	31	11	28	20	42	47	3	23	41	32	25	4	44	38	19	5	18	16	2	39	19	3	31	46	5	19	22	47	7
11	21	36	26	22	44	2	20	42	34	47	15	28	26	32	19	30	37	4	14	32	44	18	47	30	6	28	12	22	47	20	2	11	26	9	5	24	2	12	34	30	25	50	47	27	29	4	4	3	43	24	8	40	14	37	37	32	27	33	22	38	32	47	11	14	2	8	2	16	34	4	5	1	6	20	2	4	22	39	40	21	37	32	45	13	36	30	23	18	5	13	32	47	14	38	11	3	31	28	46	12	37	19	42	42	34	44	8	24	11	41	45	3	40	12	9	12	21	4	46
26	12	36	12	30	26	2	13	45	13	39	18	44	16	26	21	37	31	40	24	29	30	48	40	26	11	5	7	24	6	12	3	4	6	9	26	8	9	4	9	24	35	50	21	30	12	5	18	46	35	25	2	11	13	40	16	29	14	46	21	7	26	46	22	39	35	34	37	41	27	35	14	43	48	30	17	21	21	15	33	6	9	25	34	19	26	27	45	30	24	22	32	37	31	41	15	25	5	8	48	7	1	36	38	5	3	36	15	34	30	38	13	2	13	42	38	3	13	20	20
2	44	3	31	26	15	30	6	27	7	8	37	17	31	38	23	14	29	27	29	40	40	39	15	33	2	16	44	42	37	6	32	38	11	7	12	12	4	40	8	15	32	49	42	14	44	14	36	29	21	45	47	43	49	35	43	4	37	5	13	16	2	13	33	6	34	14	16	21	11	47	33	13	20	46	16	29	35	22	50	42	38	48	4	17	33	14	39	20	31	44	31	27	11	41	17	44	9	26	5	45	8	3	36	43	34	14	6	45	8	43	3	33	28	21	41	48	20	35	36
6	2	30	46	19	7	48	5	6	34	40	9	17	17	27	36	5	11	42	3	40	11	23	46	27	13	46	19	13	49	3	24	33	5	40	25	46	17	29	13	8	1	27	20	6	39	30	33	39	21	17	28	43	5	6	9	16	26	5	41	12	45	42	20	41	3	3	18	36	6	33	3	2	4	28	24	46	34	36	49	37	45	37	9	10	25	14	7	21	4	42	15	22	10	25	15	12	21	44	32	31	32	45	42	3	13	31	24	25	5	24	50	2	19	16	7	20	30	1	14
31	38	34	17	13	16	3	26	39	48	37	49	49	33	46	26	8	20	12	39	39	22	1	30	28	45	49	39	37	32	42	38	12	37	24	31	23	21	12	13	2	37	28	15	7	18	29	23	48	30	50	37	15	10	28	1	6	28	46	15	50	34	36	49	45	20	49	36	33	13	44	32	26	47	45	14	24	9	4	48	30	46	20	31	37	48	30	15	41	31	48	45	25	48	22	23	19	39	47	47	32	36	6	46	25	13	15	31	15	28	38	6	4	42	32	15	25	40	21	23
45	37	6	26	45	8	18	22	27	48	33	44	25	15	20	41	32	35	32	6	34	24	4	9	42	41	32	41	9	12	48	11	16	27	15	29	38	35	9	19	4	36	15	2	48	28	18	2	10	20	9	22	32	13	45	1	41	48	40	1	33	7	25	49	20	41	45	25	23	49	10	47	21	11	30	33	33	10	47	36	45	38	32	39	32	38	45	21	33	44	29	36	18	10	13	29	45	38	20	4	12	18	19	5	46	42	44	19	21	29	41	32	45	9	20	23	27	8	17	22
3	48	48	36	32	8	33	2	40	31	46	18	22	21	30	21	46	32	49	5	3	18	9	40	49	32	39	44	12	37	41	44	21	18	33	47	2	19	46	8	39	5	18	28	36	6	17	46	33	14	46	11	34	3	3	20	18	27	12	3	30	13	18	11	16	30	11	29	16	26	34	12	26	43	18	38	40	31	29	20	25	4	8	24	15	42	30	18	14	16	23	45	14	6	20	9	36	42	6	20	23	23	4	21	29	12	22	8	33	20	26	36	39	45	4	22	36	2	47	2
9	39	30	29	32	47	46	30	22	15	2	19	35	49	23	17	33	6	45	39	41	7	41	8	44	42	18	34	28	41	23	16	22	40	12	2	6	12	1	22	46	37	3	48	38	10	21	4	5	24	2	30	26	36	45	32	20	13	5	32	18	5	30	14	22	47	5	49	1	7	3	10	35	17	10	16	26	5	49	10	28	16	35	42	20	41	7	16	42	34	44	16	16	31	15	40	12	5	48	48	33	39	34	17	5	40	40	31	35	29	22	42	46	13	22	34	47	43	17	35
11	27	33	38	35	36	7	21	23	17	5	34	33	27	39	42	46	9	28	2	4	8	3	17	29	48	14	40	24	30	48	46	47	3	9	26	42	23	38	48	41	48	23	16	9	33	41	6	40	3	27	13	50	18	36	43	25	40	35	18	48	27	26	21	14	22	33	14	23	31	37	33	42	33	30	18	46	22	36	35	42	23	2	21	6	21	9	24	30	16	13	2	13	35	23	32	22	40	34	20	33	34	7	47	43	16	18	42	23	35	38	32	13	33	45	38	23	29	41	50
39	47	41	22	32	17	36	22	43	26	50	2	23	2	23	34	45	43	21	20	46	45	48	45	13	32	38	8	11	45	39	38	11	32	13	3	47	7	4	5	17	33	12	49	49	15	16	1	41	1	45	5	29	44	26	11	17	32	40	36	13	38	38	48	48	16	20	19	6	37	22	37	44	24	9	18	37	6	15	34	48	23	49	25	11	37	49	10	2	35	15	46	3	26	39	9	46	6	22	23	7	4	9	24	32	7	36	28	14	9	21	43	45	16	20	25	48	18	30	8
42	5	22	6	23	47	13	40	39	17	12	18	38	2	25	44	27	21	6	37	32	25	32	46	9	41	17	18	17	17	6	3	9	38	19	28	3	7	22	21	3	11	49	45	42	16	41	7	30	5	3	46	7	48	5	46	2	32	6	18	32	10	42	35	18	43	32	13	41	48	47	41	8	16	33	34	49	15	44	44	15	29	15	11	9	28	19	12	12	10	23	24	34	27	46	12	29	26	11	37	5	43	4	21	17	36	34	35	19	9	12	26	19	17	45	40	14	3	35	17
9	38	9	42	39	8	23	4	33	13	30	29	46	24	18	32	22	8	44	13	29	44	25	26	25	5	14	10	6	47	35	23	30	45	22	13	12	37	38	16	33	21	24	12	37	5	12	32	14	4	18	33	41	17	17	6	35	17	47	32	9	44	38	21	13	6	19	12	28	30	9	24	35	26	7	2	7	15	37	46	47	2	41	20	12	22	49	47	46	11	48	48	37	32	40	28	14	48	12	31	2	49	5	26	27	14	50	32	10	3	19	17	15	3	5	40	39	48	41	5
4	15	22	33	13	37	23	24	17	6	22	27	47	45	39	44	36	16	26	38	44	45	26	39	30	32	3	43	2	22	46	47	2	38	36	22	12	21	46	46	20	46	19	15	44	40	38	30	13	44	29	11	12	11	24	29	39	31	36	27	38	12	48	17	30	18	40	13	23	36	12	18	23	30	7	3	9	31	41	3	40	40	29	10	17	32	3	7	26	49	31	15	40	45	32	41	47	37	14	1	25	38	36	34	44	26	4	30	1	25	25	17	46	11	43	48	26	24	20	25
