N:	120
M:	2
L:	3
p1j:	4	9	57	73	58	86	60	51	33	35	72	74	34	43	66	86	61	99	74	22	80	79	45	10	78	95	22	38	34	43	75	88	64	78	39	9	54	86	27	32	72	51	61	98	3	46	48	14	26	3	13	96	84	2	78	81	65	47	4	83	81	81	98	99	93	51	84	4	65	24	54	38	76	53	36	17	52	66	95	24	68	44	8	57	68	79	8	9	78	9	51	6	67	48	30	37	72	13	85	9	21	50	20	72	10	36	11	26	89	80	21	7	94	95	33	99	67	10	45	39
p2j:	44	30	82	6	60	30	76	9	55	98	12	75	35	23	11	77	65	8	72	68	24	41	33	31	25	58	85	87	56	28	22	6	61	82	76	67	21	77	75	2	24	84	46	71	21	83	65	70	50	93	9	54	40	25	55	19	17	65	61	53	62	94	73	98	59	19	8	15	17	87	11	68	98	19	15	60	42	63	37	54	12	77	31	6	88	92	79	13	43	59	41	47	24	44	73	87	62	95	44	71	4	33	62	24	92	4	77	37	96	27	11	15	94	48	64	89	71	85	4	29
vl:	1.2	1	0.8
Conv_l:	1.18	1	0.64
IdleConv_i:	0.05	0.05
pi_i:	65	60
S1jk:
42	101	12	81	38	118	21	10	90	80	115	11	79	45	97	24	13	46	23	9	110	59	76	6	39	18	65	70	37	73	101	123	53	124	84	21	81	64	11	8	36	13	110	81	22	117	105	123	75	97	85	66	62	122	79	16	56	122	73	68	32	69	34	94	55	24	101	100	91	15	82	32	89	30	80	76	29	103	43	61	17	22	78	22	27	11	111	122	125	97	80	105	109	48	39	20	17	120	66	59	38	38	54	118	102	39	68	23	98	72	104	97	92	80	35	87	112	78	115	8
52	30	58	68	117	48	35	57	119	102	80	24	38	125	85	20	111	85	99	108	70	24	9	55	52	4	124	87	113	76	38	116	62	110	118	85	115	86	68	58	80	11	56	48	109	12	70	86	2	104	19	8	73	42	26	108	56	58	13	63	87	116	112	109	125	118	52	48	27	87	118	109	58	45	44	88	90	76	98	30	97	34	16	114	71	21	115	26	89	84	77	75	106	95	112	90	108	47	78	43	35	44	53	54	51	50	23	92	74	119	98	49	111	54	116	117	36	22	50	32
92	16	56	25	57	52	47	96	51	88	40	69	24	88	73	90	49	53	82	74	2	91	87	66	83	40	11	79	65	91	118	93	58	19	32	66	82	5	112	14	33	8	72	114	30	39	91	62	47	53	71	89	23	23	8	83	102	38	60	56	63	29	62	43	12	117	46	117	5	45	49	76	26	63	93	61	92	62	117	54	98	55	104	8	96	90	11	17	108	34	64	85	25	25	107	77	72	84	21	44	2	23	85	9	25	35	82	107	10	59	49	44	62	124	22	69	11	6	67	96
103	67	47	33	101	25	67	120	76	91	21	44	123	9	102	111	14	65	88	36	51	6	81	65	83	104	94	69	38	77	97	46	32	8	21	54	18	104	38	117	54	100	66	73	111	43	43	12	23	92	69	74	93	91	29	57	38	57	17	3	19	35	21	35	30	11	51	17	39	18	43	28	9	124	10	43	57	46	68	16	18	86	47	107	92	23	32	36	80	102	39	13	124	110	116	58	7	55	8	87	106	28	42	66	31	35	59	9	47	95	108	100	27	117	57	26	20	54	110	59
75	8	22	91	120	86	76	91	36	44	118	35	54	47	90	11	107	26	17	11	113	92	91	80	51	112	43	123	86	24	60	93	92	24	97	86	67	13	3	97	19	98	33	11	6	100	89	96	83	111	33	114	30	110	120	64	95	60	93	122	24	78	105	115	90	29	68	100	90	11	55	37	44	91	78	108	111	19	57	72	120	72	26	124	47	9	7	76	65	41	7	95	107	51	75	18	22	31	6	52	55	47	73	75	56	3	78	109	32	70	122	92	8	18	26	118	84	7	34	110
75	27	27	5	99	73	50	46	47	74	29	11	9	35	100	109	55	120	85	99	45	108	56	120	66	92	1	97	11	103	45	92	94	121	100	111	31	49	13	70	35	75	4	53	27	37	33	36	78	34	21	40	55	9	102	49	26	18	68	103	112	103	107	100	64	113	14	100	10	41	115	36	32	37	14	61	73	67	71	47	97	86	7	35	17	3	88	79	5	58	86	74	105	47	32	104	74	7	112	48	114	24	103	109	99	13	103	88	58	36	6	108	80	44	63	52	27	20	97	78
55	92	76	36	4	13	63	35	3	110	77	120	85	92	42	59	52	6	76	71	73	31	14	16	50	106	18	59	60	112	114	37	28	80	119	18	111	102	117	114	1	13	36	86	25	52	104	48	64	88	10	66	1	122	62	32	72	24	106	106	104	41	101	45	89	75	32	13	33	68	52	24	107	49	67	88	85	110	85	45	28	91	77	82	97	115	103	13	120	34	74	37	62	44	31	65	93	96	85	37	89	54	17	71	106	73	63	53	114	14	3	105	1	30	104	81	9	56	101	8
37	65	85	28	45	26	113	118	47	92	41	30	72	100	8	99	64	10	11	21	76	26	73	95	24	9	71	7	117	102	32	26	78	33	83	31	33	38	119	83	81	69	26	96	6	70	40	34	124	84	26	10	43	3	13	9	31	124	34	17	122	50	49	97	82	38	108	80	53	116	22	44	26	65	75	125	107	99	51	108	124	14	53	69	36	23	96	41	53	30	19	42	86	4	72	116	75	116	27	31	92	64	9	117	30	111	70	36	112	105	37	120	49	90	99	50	89	48	27	50
89	89	39	39	30	108	4	110	17	29	99	79	44	38	94	81	45	39	25	121	5	34	41	120	58	56	5	62	6	36	100	31	113	27	54	70	3	22	31	16	50	66	92	51	71	39	39	78	24	54	64	107	54	70	67	79	114	67	105	77	122	84	90	10	6	45	27	22	96	51	3	96	88	31	88	117	30	115	46	69	25	102	123	83	90	40	41	105	103	53	71	114	24	92	84	123	7	18	87	85	72	111	120	117	118	120	52	97	99	48	63	114	117	28	32	70	94	89	114	16
107	88	108	43	57	80	62	111	115	15	65	62	93	84	124	122	8	55	67	17	18	124	52	67	111	119	99	78	55	44	84	81	65	93	15	85	90	66	96	24	103	76	10	80	88	3	91	120	12	33	125	22	20	125	42	82	97	87	119	36	20	64	78	12	11	84	102	24	56	99	82	95	81	16	48	78	119	39	43	82	118	36	19	11	14	4	121	8	112	42	32	51	53	8	92	22	101	82	3	79	97	52	121	28	47	61	44	34	61	37	101	120	45	60	77	79	107	13	40	106
78	28	76	115	43	21	4	5	23	61	92	33	104	89	44	27	16	70	62	111	1	78	95	93	44	96	56	41	12	60	103	85	27	82	110	81	105	122	30	9	64	32	44	99	54	83	64	28	34	94	82	120	66	113	118	47	9	76	89	27	98	120	71	2	21	25	97	20	69	19	55	71	12	106	81	32	52	62	114	9	50	82	102	6	18	39	22	83	61	81	100	44	116	46	29	36	9	95	18	24	71	66	6	2	63	52	60	32	81	62	114	85	55	111	121	87	22	4	120	5
91	69	89	31	82	89	51	23	26	74	72	75	99	121	45	73	74	118	101	108	99	35	88	122	81	29	7	44	14	92	112	92	94	53	35	77	13	102	92	34	30	70	103	83	35	13	21	124	65	84	93	32	86	15	97	89	81	15	124	69	27	83	82	24	110	86	9	9	46	115	96	98	13	123	5	120	48	89	34	73	45	2	17	63	2	79	32	27	64	47	114	1	53	39	102	53	71	3	104	31	86	71	68	76	98	110	51	62	25	91	118	77	55	11	24	15	101	35	18	35
58	38	96	116	36	18	117	49	25	35	68	9	65	121	9	93	18	55	74	88	49	119	80	96	74	5	52	75	13	111	13	21	35	101	53	89	105	107	42	94	44	74	85	66	103	4	28	99	67	45	44	6	119	108	88	47	13	36	7	64	50	17	51	114	56	124	81	108	25	123	4	25	87	36	94	67	71	100	125	24	121	13	89	14	76	80	124	113	78	74	7	105	42	71	82	86	102	28	105	34	39	41	54	90	46	59	40	15	68	51	53	92	30	30	70	81	65	82	25	14
111	52	95	70	43	114	23	74	21	63	59	6	119	9	101	121	51	8	103	77	105	1	106	65	1	38	40	88	39	47	106	115	72	58	107	109	8	57	91	56	33	16	68	77	60	22	103	87	23	106	60	123	58	43	105	63	41	114	16	98	27	31	99	18	47	56	29	106	79	118	68	1	20	66	103	72	42	76	83	50	27	117	56	72	53	54	100	91	46	2	51	64	56	105	74	108	16	105	35	112	12	40	57	83	87	9	62	82	9	95	61	63	41	31	105	94	30	41	19	112
92	33	23	67	79	14	102	49	109	96	20	72	45	120	63	86	34	93	13	107	35	120	25	107	2	101	93	54	116	75	30	89	49	84	86	106	121	35	76	49	8	79	38	114	63	118	81	3	95	5	114	42	97	42	68	39	83	54	83	82	93	16	8	39	32	122	67	24	34	85	84	48	115	44	15	5	67	85	107	42	31	63	109	5	93	46	7	54	54	76	56	45	3	63	119	70	51	117	63	14	110	48	118	7	118	28	21	53	40	46	70	32	122	1	66	69	71	72	5	25
93	109	37	83	3	26	121	48	6	29	88	27	17	45	110	52	117	34	108	72	45	15	117	24	57	123	106	22	65	95	115	3	96	72	125	48	25	4	70	98	83	86	59	89	32	79	47	96	42	81	49	87	20	66	110	119	26	121	100	51	107	93	102	21	47	79	113	42	8	91	10	17	12	89	78	93	109	26	37	38	119	25	113	34	3	112	41	42	118	10	25	83	54	31	104	83	59	25	80	19	48	32	48	8	121	60	13	85	49	104	108	108	33	43	5	110	116	24	122	112
50	104	121	28	3	113	98	123	101	97	46	6	84	5	36	102	104	116	91	11	112	24	93	55	80	12	102	77	53	92	47	54	20	99	92	45	7	113	114	93	28	13	33	66	91	71	25	2	99	91	92	50	37	114	3	76	33	62	3	61	73	28	113	102	112	54	64	60	40	118	67	96	17	119	114	55	116	3	24	25	19	101	120	95	65	121	23	19	77	48	15	78	38	103	79	121	33	75	17	105	68	4	64	33	11	115	48	22	47	121	110	88	115	68	65	83	83	9	102	58
64	107	18	13	17	42	45	98	82	8	31	5	56	33	117	93	59	124	118	69	118	78	88	78	35	27	81	78	16	4	85	91	16	45	48	106	97	9	44	117	70	73	108	76	96	66	111	5	31	12	53	56	47	122	24	13	18	66	98	20	38	74	42	113	18	32	68	5	64	13	14	11	51	96	48	54	47	14	68	67	2	121	33	39	67	73	54	33	27	106	58	115	15	41	6	53	10	65	106	110	98	36	49	9	60	87	98	97	47	82	23	67	9	28	22	110	98	85	89	42
119	5	54	95	101	26	21	88	110	25	97	52	105	19	123	61	117	89	39	75	91	73	5	14	65	116	75	59	66	41	2	53	123	58	99	8	5	125	2	24	76	5	17	117	49	55	31	4	29	95	14	91	80	47	115	27	26	90	100	40	45	87	97	37	46	7	121	117	28	94	25	54	122	110	47	78	101	88	45	78	19	92	15	104	53	6	86	58	103	60	58	79	60	73	22	109	10	54	102	116	91	55	15	59	75	59	76	97	1	71	93	71	25	111	5	109	24	78	72	8
2	31	124	123	38	119	5	70	43	65	73	70	34	60	113	48	48	20	15	21	91	24	28	85	90	36	102	122	53	121	54	27	1	111	69	56	41	75	32	12	23	12	88	95	40	10	25	90	68	74	80	117	9	87	107	41	3	68	6	94	14	20	108	5	42	15	24	2	121	9	79	19	110	97	92	40	100	50	19	63	24	40	85	43	30	43	49	3	29	87	88	93	86	121	99	63	117	92	27	99	11	10	105	2	12	58	65	68	31	110	104	71	29	61	4	37	48	54	39	15
51	92	93	53	70	115	121	53	49	59	20	119	96	6	67	52	93	118	28	86	29	102	55	77	78	65	85	22	85	38	11	41	25	27	11	48	60	122	72	90	48	10	48	109	92	63	89	86	10	50	121	77	91	83	79	38	55	76	16	103	70	24	102	45	45	29	77	5	43	23	32	107	18	38	60	49	61	94	11	87	59	5	68	64	69	110	66	85	17	29	80	107	2	18	59	66	50	113	85	93	65	65	64	59	102	22	34	22	23	37	66	123	66	7	123	5	99	82	105	21
87	97	81	101	6	92	36	22	39	64	70	11	27	119	83	43	120	75	32	96	21	61	78	13	17	114	79	110	71	123	8	97	118	94	23	117	46	77	99	57	121	68	22	109	125	23	57	67	39	103	111	87	65	2	94	3	35	19	18	114	27	121	53	18	58	73	110	59	55	78	120	30	103	74	12	71	32	7	118	34	6	60	120	91	58	81	108	74	28	108	5	48	116	38	86	71	18	48	14	94	98	85	96	11	76	49	36	74	13	39	28	82	104	23	106	63	122	62	66	74
22	4	53	101	85	30	104	72	115	22	78	79	91	96	98	31	12	111	59	25	116	7	16	122	4	44	47	82	34	15	108	79	94	14	104	59	122	123	15	104	101	115	92	115	69	12	13	59	24	81	31	56	8	23	74	89	122	33	74	86	47	115	22	110	23	77	40	25	83	30	94	117	115	47	43	3	107	66	57	84	68	37	82	28	124	58	114	57	58	39	109	29	82	68	31	75	31	102	85	23	79	99	91	67	112	85	57	69	114	68	94	39	58	95	66	35	76	62	26	98
26	59	55	8	43	120	67	13	100	15	26	54	96	37	45	63	82	85	57	97	11	42	27	115	74	27	33	111	62	90	97	43	76	4	66	42	65	34	37	102	113	90	85	46	105	35	84	73	44	37	35	107	73	53	98	95	3	70	55	77	10	75	32	102	112	37	69	4	27	26	69	67	71	23	112	16	12	15	87	120	77	90	52	46	77	125	7	100	26	68	76	83	55	72	26	93	91	23	66	51	19	50	50	70	97	87	22	71	70	109	61	91	20	103	1	36	42	7	84	8
25	14	60	5	68	41	98	111	103	95	110	19	121	116	68	10	90	70	18	16	58	104	36	78	6	95	25	69	124	18	125	110	84	98	49	124	94	29	39	23	80	123	65	121	87	107	60	75	63	80	5	11	61	88	60	12	24	103	121	125	102	30	116	40	28	104	64	26	69	87	60	120	97	19	74	110	59	2	75	15	2	95	7	105	66	24	5	104	70	3	34	97	38	108	58	8	62	107	80	14	120	84	76	109	113	52	113	73	65	23	56	111	39	60	31	74	72	107	77	27
29	85	82	111	22	37	6	59	111	39	32	68	30	46	100	62	20	101	16	116	95	73	47	57	51	1	109	110	69	58	97	8	60	11	79	63	123	9	90	21	79	85	64	79	37	10	93	75	54	26	63	58	105	49	10	54	6	121	85	114	56	52	22	15	59	91	59	28	27	43	57	51	12	85	87	45	11	90	90	27	43	29	102	34	111	25	103	55	14	64	84	39	65	98	106	60	19	80	118	108	18	41	106	108	78	8	69	78	19	41	1	108	52	21	109	85	50	4	101	67
123	14	15	24	116	100	29	66	63	73	28	66	9	74	3	55	29	85	73	9	117	60	99	110	119	18	110	4	54	73	94	69	17	67	38	41	70	7	61	75	36	107	100	117	75	112	41	50	4	53	24	32	103	16	70	116	53	120	81	36	104	8	57	101	28	55	42	51	37	115	7	62	90	66	122	72	119	73	19	90	26	10	47	4	4	56	68	112	19	97	43	62	73	68	31	5	62	78	123	108	34	20	58	45	66	62	65	36	4	73	52	29	99	109	19	76	105	32	124	19
86	30	48	83	36	104	68	44	109	87	60	14	9	25	53	106	23	71	34	118	121	69	45	25	76	70	6	117	32	40	51	67	4	61	64	106	76	58	24	81	75	99	17	62	62	117	23	19	104	53	92	13	102	63	118	37	114	30	107	91	91	46	115	113	113	100	65	81	68	104	116	42	81	83	26	66	110	30	98	84	117	18	94	94	31	83	43	34	85	59	88	96	64	20	10	56	95	82	22	106	70	71	21	89	107	31	63	110	20	88	33	55	122	104	116	19	51	54	58	28
20	113	106	48	92	21	120	51	43	120	95	48	92	121	94	4	6	112	88	108	76	85	96	122	39	97	3	94	1	84	13	56	42	68	105	68	83	27	43	16	9	123	49	93	68	84	5	53	67	58	121	40	12	54	57	69	125	124	112	77	111	99	59	62	19	122	114	24	47	71	105	60	16	22	92	107	81	34	120	2	114	95	90	9	43	81	101	31	93	14	31	1	71	103	96	49	108	5	76	120	53	123	36	6	94	35	27	53	61	107	52	94	25	37	106	70	80	123	98	63
47	66	112	58	99	109	79	100	112	7	88	120	82	27	27	27	69	59	49	76	103	35	111	48	114	113	67	67	40	53	25	121	49	7	100	114	20	116	61	44	67	86	11	122	47	109	72	117	51	16	3	105	79	56	29	103	34	98	88	66	84	108	58	20	120	58	26	3	72	70	26	40	68	6	49	61	43	27	58	97	90	22	49	91	59	38	12	116	69	113	67	95	23	60	102	60	33	83	68	55	12	114	98	30	101	44	121	82	96	95	72	44	66	47	3	21	38	25	2	27
65	11	85	86	99	78	22	109	33	122	85	63	117	77	39	79	44	64	81	76	120	72	51	56	43	121	54	9	39	54	12	121	32	35	61	28	120	34	47	57	58	90	32	118	63	25	60	92	42	82	18	100	98	4	93	39	63	24	14	57	21	69	85	113	122	14	121	104	49	9	68	12	21	53	37	17	19	28	5	120	109	75	99	27	108	47	44	12	101	2	89	35	66	18	84	116	121	79	13	2	13	23	22	45	73	92	98	82	33	79	86	75	113	69	56	49	1	99	51	109
5	116	108	41	3	26	63	64	75	1	2	16	47	33	17	59	60	14	68	91	54	12	57	44	108	42	99	66	3	103	76	76	31	116	62	7	12	33	23	42	107	110	116	93	118	1	37	41	8	86	38	111	90	77	56	31	78	40	40	12	108	66	23	94	21	102	27	92	55	72	39	110	114	113	96	59	89	86	64	124	65	62	41	30	76	96	67	70	106	5	65	38	38	119	66	55	26	118	21	106	49	84	71	28	37	24	27	95	66	18	122	77	81	95	100	21	65	87	78	43
85	111	12	14	44	70	11	86	33	119	116	53	98	93	98	94	37	104	35	119	111	40	28	108	21	45	27	108	55	48	60	80	120	81	120	106	41	41	11	27	13	10	89	63	67	11	83	87	46	34	3	27	6	28	3	105	32	67	111	87	120	42	120	51	110	104	14	81	15	8	113	27	30	10	57	39	82	14	16	14	63	97	124	35	68	102	107	15	86	51	115	101	34	52	80	84	98	107	15	123	103	31	4	44	91	88	61	63	6	48	79	112	77	17	43	44	119	36	41	19
88	80	9	28	22	72	112	67	62	122	121	42	11	20	98	25	102	20	113	95	9	47	50	104	57	122	53	24	59	21	72	2	69	43	57	95	98	31	94	47	115	35	54	16	66	25	23	117	125	65	68	53	65	93	54	30	18	46	93	46	97	101	31	31	18	35	38	42	119	89	105	35	66	98	58	52	9	119	28	119	106	28	104	79	95	23	70	116	25	99	5	116	58	55	52	36	80	51	22	6	100	26	106	13	97	110	21	51	77	37	8	57	117	10	59	70	77	70	93	57
114	73	93	106	110	36	46	49	10	22	72	71	105	110	92	119	36	9	48	124	40	87	93	70	110	52	70	6	35	10	32	59	90	57	27	82	92	105	74	16	117	102	39	59	13	105	43	65	122	104	121	13	93	113	18	111	75	98	116	96	100	82	118	2	116	60	15	75	96	73	3	101	120	8	66	45	92	123	23	60	91	77	120	25	43	46	20	59	119	46	89	37	14	7	34	22	27	47	103	77	96	55	37	41	54	94	47	99	63	69	88	71	46	38	85	8	125	54	17	16
75	69	92	116	26	19	67	117	86	16	30	38	87	108	114	9	80	45	19	32	102	26	77	74	87	113	11	10	59	75	89	2	21	90	117	2	24	15	110	79	116	20	10	90	66	86	98	91	102	80	88	52	103	18	92	16	109	15	23	109	102	33	94	83	74	33	87	27	97	46	59	47	100	10	39	44	103	123	117	71	6	54	23	83	107	55	58	14	13	93	100	120	30	85	11	11	21	25	91	94	58	52	42	104	42	52	119	22	37	37	102	84	30	121	13	48	46	88	13	117
82	25	5	84	86	11	119	73	65	86	51	45	80	101	26	63	69	49	27	70	42	75	24	44	68	29	86	39	111	18	101	1	46	119	83	64	80	14	71	54	64	104	81	10	116	53	6	95	15	56	102	19	17	89	82	54	52	87	50	30	76	10	108	110	104	58	121	4	30	105	78	32	57	48	48	38	93	91	46	10	2	75	12	12	96	95	121	44	22	95	45	54	106	5	106	84	48	98	18	70	69	82	73	121	24	55	114	81	60	98	40	37	102	62	71	65	59	113	27	86
36	31	97	65	43	49	107	107	108	124	104	14	55	104	59	7	15	78	8	27	103	59	76	78	26	21	40	78	1	32	105	84	15	33	28	104	6	28	29	75	119	51	56	31	27	56	107	11	57	90	25	113	45	78	89	5	108	50	108	2	4	79	47	34	73	87	15	116	38	36	3	27	23	88	115	6	19	49	118	44	95	43	84	56	70	118	38	117	11	83	70	94	12	87	93	32	43	18	113	54	11	100	26	89	66	32	47	64	86	48	90	70	66	88	103	49	81	36	118	108
35	103	14	50	55	29	19	99	104	96	11	120	110	112	68	77	37	21	46	90	64	80	47	69	51	123	37	65	7	72	72	39	33	93	92	103	78	53	111	24	18	75	30	91	80	9	38	96	105	55	51	107	10	26	111	72	117	98	22	109	89	12	12	76	104	38	58	123	113	95	38	19	100	28	58	107	101	123	115	123	19	97	110	71	14	122	53	85	51	70	83	55	32	5	89	4	39	59	77	33	8	43	67	66	94	106	30	102	22	101	32	123	39	24	48	68	29	39	86	77
58	17	64	42	31	90	122	83	111	4	80	74	44	16	7	6	58	58	33	77	81	76	19	43	14	62	50	119	120	9	68	3	95	117	102	120	68	20	4	24	34	80	27	26	94	104	13	19	34	24	60	125	25	17	60	19	19	83	71	56	23	123	54	19	72	87	19	12	62	103	43	9	69	96	63	62	53	112	14	41	5	93	33	116	9	18	49	107	62	119	80	86	41	82	6	24	86	86	65	78	12	118	36	3	7	20	54	44	25	99	8	112	57	32	64	37	45	63	48	44
23	53	67	34	73	75	89	85	96	49	59	113	97	58	6	68	122	104	69	99	44	124	54	68	21	76	85	65	97	8	86	46	27	39	28	97	116	81	63	55	36	9	32	77	58	81	20	2	13	40	103	60	10	108	104	52	116	21	65	34	65	63	14	70	54	83	22	122	81	36	80	64	15	28	52	48	41	76	51	1	90	100	40	111	118	28	76	19	69	94	56	98	79	35	51	74	83	117	21	94	116	56	15	20	38	121	29	14	80	22	6	122	24	45	23	16	63	106	92	89
101	57	30	71	95	16	33	39	5	80	67	123	69	7	34	74	77	36	79	4	47	26	42	111	118	74	110	16	10	11	118	28	112	6	111	49	45	63	8	98	48	32	39	75	23	106	36	52	90	15	84	71	39	42	6	60	78	67	44	111	46	89	70	104	13	117	8	55	72	43	100	29	20	47	14	76	100	32	111	95	101	46	40	89	23	45	124	65	85	72	110	39	124	84	113	8	95	38	18	40	63	66	123	17	91	123	32	22	81	3	93	107	47	90	93	31	87	18	16	25
120	21	74	108	70	99	16	11	22	4	35	121	49	4	69	113	56	78	121	50	75	48	72	96	64	113	91	65	93	4	37	115	83	23	12	77	104	67	45	98	119	93	78	38	120	55	24	92	6	12	14	81	36	85	49	9	11	7	58	120	18	3	44	77	12	42	5	10	25	41	17	84	25	123	49	51	23	60	30	23	35	55	81	108	67	29	84	17	56	73	66	111	12	90	26	95	61	82	17	72	22	64	67	38	93	24	53	70	37	70	44	96	68	47	86	115	75	59	8	14
31	70	112	11	42	71	74	116	72	44	105	31	102	60	60	90	124	121	119	123	120	70	50	95	26	8	90	7	67	54	71	87	73	95	16	119	40	24	95	55	60	121	74	42	114	117	117	70	59	78	61	9	15	112	19	13	3	67	80	108	78	33	10	110	30	9	15	4	27	24	19	102	82	1	19	44	109	27	19	122	23	46	21	62	71	109	79	114	20	92	56	74	45	99	89	2	27	91	63	68	36	117	42	85	92	98	29	87	35	15	104	18	72	118	106	114	52	4	33	4
18	104	6	36	112	87	101	107	113	117	80	82	70	9	111	112	18	40	42	123	97	38	112	87	85	8	33	124	36	57	42	74	82	88	48	98	89	25	95	13	117	34	117	11	117	4	39	72	14	52	10	106	63	91	102	24	57	109	29	70	114	79	114	32	62	108	65	9	111	76	84	87	18	1	2	46	14	12	14	26	23	87	108	59	19	114	67	112	81	56	11	59	38	104	53	43	115	109	104	57	21	104	101	13	115	108	121	116	114	58	6	12	91	124	115	62	93	12	63	121
62	12	49	37	112	57	102	49	50	86	120	30	97	35	97	66	6	16	102	100	85	23	108	110	70	119	113	76	58	13	6	63	14	3	125	125	83	17	23	83	39	24	4	119	68	11	86	32	5	83	66	41	77	20	83	53	50	64	54	20	109	112	28	108	24	86	1	115	1	59	93	97	109	72	16	44	15	9	17	10	77	101	55	112	2	67	113	118	35	86	123	30	109	45	83	29	11	96	84	11	104	100	36	40	56	75	22	55	91	90	50	111	90	93	14	11	88	70	83	92
86	84	122	58	28	46	12	114	4	105	7	13	20	42	65	66	50	33	56	59	49	25	59	104	19	86	114	52	1	70	60	76	32	23	114	5	17	112	15	91	28	65	114	124	117	110	46	111	88	68	112	29	103	2	30	96	85	86	112	83	19	79	74	96	55	48	109	3	36	55	47	88	14	66	102	23	10	5	106	3	99	9	34	24	117	78	70	108	68	39	24	30	9	96	59	35	109	113	108	26	36	69	86	101	11	97	83	108	80	12	59	73	33	57	76	14	68	111	49	35
56	81	7	51	49	76	102	3	24	110	61	38	41	30	9	81	10	55	120	32	88	108	27	89	22	6	17	104	120	4	64	71	21	112	47	96	110	57	120	63	45	5	45	78	76	5	58	62	50	46	33	17	9	70	122	11	87	67	34	23	61	28	50	72	72	40	112	122	9	58	22	48	114	111	91	88	61	98	23	103	27	106	74	6	44	103	56	20	33	13	112	22	74	43	87	102	26	9	109	105	30	7	29	31	99	94	31	66	32	78	47	47	10	57	41	109	61	52	92	109
54	112	59	99	19	53	7	102	37	42	109	26	60	38	97	18	77	69	43	39	78	96	66	123	113	13	101	50	71	83	15	44	41	121	105	12	65	24	12	12	80	43	14	35	33	20	11	33	53	29	59	58	81	42	18	35	77	12	60	92	9	16	95	64	108	90	76	90	85	51	18	26	84	48	116	58	49	28	84	4	122	70	44	90	48	78	83	42	51	45	113	94	111	25	77	31	119	35	43	33	100	28	98	10	124	104	56	115	9	64	40	8	83	39	40	16	62	51	90	75
76	122	49	75	58	56	96	96	49	117	94	99	112	86	5	117	63	77	12	64	1	58	33	6	68	2	69	52	78	39	9	9	101	90	112	12	37	47	116	82	2	31	19	23	33	117	17	11	81	74	65	24	31	89	41	40	97	18	14	12	1	123	71	44	70	70	121	89	116	73	60	124	119	28	115	119	18	47	89	69	117	22	119	98	118	42	100	78	90	39	116	24	37	94	117	17	81	3	59	35	12	54	57	84	93	64	60	105	23	71	38	112	116	45	14	75	29	5	124	41
91	5	103	97	123	100	86	36	109	24	88	124	72	7	48	5	119	104	44	63	42	93	33	56	120	87	46	40	26	21	57	47	55	87	84	97	69	7	98	28	56	120	47	11	95	106	7	109	57	112	111	61	90	72	80	98	113	50	81	90	18	114	69	82	94	8	44	63	55	76	98	95	22	23	116	60	38	102	27	27	104	64	15	79	23	15	32	58	86	115	103	77	30	23	13	58	3	4	94	88	115	21	55	41	86	16	16	111	120	38	37	94	98	107	111	64	112	103	37	62
47	123	17	85	51	91	35	52	121	28	26	28	78	22	66	98	69	54	120	87	62	112	103	32	40	118	123	35	61	106	114	37	25	45	91	110	18	25	7	8	112	54	54	103	85	39	21	92	110	95	85	79	71	9	120	55	75	19	17	115	80	9	78	111	50	124	125	19	100	60	53	77	113	53	119	87	75	109	110	110	65	72	24	23	6	103	20	45	107	85	67	5	87	14	81	9	62	101	46	85	20	86	11	15	93	55	119	28	91	81	70	13	78	95	17	22	120	29	66	77
73	8	45	55	68	115	108	116	85	117	66	71	83	24	38	104	113	94	70	29	111	13	119	110	93	29	48	91	57	108	15	34	92	61	22	101	72	95	78	30	46	60	58	48	36	54	101	25	64	15	99	30	26	15	17	65	115	118	92	95	105	92	109	10	67	39	53	110	115	3	30	20	96	74	115	109	73	67	106	109	77	69	115	111	21	28	4	93	98	56	34	125	31	10	51	10	19	59	71	21	76	106	5	91	58	96	113	69	108	104	4	27	6	11	62	6	77	108	69	72
105	29	63	28	61	17	82	33	105	6	23	38	65	9	13	107	89	125	13	99	112	86	105	69	95	79	12	99	109	91	18	42	21	52	69	58	97	118	118	104	70	57	76	8	68	32	58	114	118	7	20	80	90	28	92	42	12	116	123	3	25	57	56	35	121	3	83	5	30	87	35	121	95	17	13	32	59	55	77	23	107	16	15	114	4	93	39	12	29	88	5	114	123	35	31	89	51	39	113	72	79	81	49	4	10	109	16	3	49	83	52	46	125	74	97	33	84	110	71	36
60	88	7	43	83	73	16	56	74	75	14	57	10	6	75	83	4	103	103	20	29	113	98	6	14	27	1	67	13	70	75	46	89	60	81	44	90	2	79	12	80	110	122	107	94	18	79	123	46	11	38	16	54	24	74	60	51	51	62	116	113	53	101	38	18	105	14	6	20	24	7	10	88	95	111	75	50	52	86	103	94	87	10	106	27	56	55	39	16	110	84	81	16	43	84	117	82	116	42	38	92	9	45	96	117	118	103	39	30	106	71	68	12	49	90	123	43	90	119	106
38	17	100	20	86	56	16	54	79	28	93	87	120	52	54	15	91	104	3	109	86	21	65	106	78	93	13	89	81	88	64	50	97	35	13	84	121	110	37	6	6	67	17	84	102	104	45	8	1	8	8	35	62	53	12	80	115	111	70	88	78	91	36	109	68	111	52	119	3	10	38	88	18	87	52	36	20	46	3	59	34	12	68	31	35	18	71	88	93	14	30	52	88	117	115	84	27	106	6	118	92	68	28	94	108	14	5	65	31	13	96	29	38	48	62	2	38	123	23	67
115	115	79	121	59	46	9	32	17	54	53	31	84	45	115	71	70	82	63	55	51	122	115	44	4	106	57	13	89	49	5	9	125	65	8	103	72	112	24	60	71	50	55	1	43	6	56	8	19	34	118	101	52	52	2	77	51	107	85	113	18	48	1	91	50	110	59	57	103	73	84	60	13	107	50	55	3	90	6	91	97	46	105	81	120	120	36	54	86	37	83	71	105	2	52	21	97	84	122	23	64	53	29	21	70	107	32	4	10	85	12	77	109	45	80	89	95	15	100	71
1	119	94	70	36	21	36	99	76	48	123	61	27	51	63	36	22	21	56	31	113	16	2	36	108	35	45	70	115	27	111	68	59	43	103	24	113	54	108	42	62	23	61	32	51	117	97	79	117	49	103	43	12	9	96	118	106	17	53	93	80	84	110	83	54	72	12	104	77	68	121	4	110	111	66	57	87	44	2	102	46	114	49	46	4	23	102	27	6	16	65	7	73	8	83	99	38	71	69	91	123	11	39	49	98	98	76	114	74	79	100	106	32	57	79	79	13	43	56	82
61	94	87	24	25	17	87	23	11	84	76	37	35	37	102	53	82	104	58	5	55	111	104	47	46	28	16	116	121	3	36	56	58	85	95	24	110	21	96	71	87	19	65	7	82	89	46	46	81	50	60	55	54	29	102	100	109	24	88	66	34	33	8	84	17	11	55	71	40	121	79	99	32	15	64	124	18	52	114	75	6	99	59	22	76	39	83	25	36	49	3	24	32	3	61	78	89	82	34	16	78	48	39	77	82	23	20	95	79	122	37	35	71	47	43	5	69	58	61	15
100	110	112	41	40	118	80	57	54	67	53	77	104	21	21	41	60	56	117	45	21	91	114	62	87	105	121	63	27	72	91	101	113	109	94	99	26	52	2	103	104	47	23	88	72	96	80	54	38	36	93	2	22	87	72	108	83	4	84	75	114	87	83	25	47	95	83	4	122	93	116	105	75	84	71	61	89	96	71	123	40	48	6	91	85	101	70	97	107	94	124	18	10	3	115	14	50	15	93	86	64	2	14	103	105	116	26	103	45	107	94	108	89	85	39	66	86	64	41	69
109	53	74	87	47	58	111	8	46	37	43	107	44	66	3	63	23	62	45	99	108	116	125	24	66	63	66	4	23	79	47	93	48	89	52	67	114	27	105	90	43	102	31	29	99	98	22	64	122	39	3	92	61	108	13	112	74	95	110	12	125	97	26	50	57	110	53	67	27	33	99	15	101	79	87	123	65	39	57	8	122	58	66	102	104	110	2	83	27	84	44	67	48	63	43	13	41	9	123	114	68	80	24	22	73	63	2	35	109	18	65	76	43	125	48	53	59	76	36	121
38	119	65	74	61	116	41	22	71	71	60	116	52	120	49	2	110	6	115	104	84	32	70	116	66	74	44	53	11	60	71	85	118	101	15	40	34	29	92	96	90	74	74	82	96	110	80	23	50	118	100	82	122	55	82	19	124	15	10	17	4	14	124	29	28	6	68	50	56	44	115	27	121	114	102	86	87	87	97	20	79	69	11	64	25	57	23	98	59	37	25	15	87	68	90	52	16	83	80	30	109	21	85	34	51	77	52	61	56	34	65	65	73	1	116	36	42	69	31	123
118	97	124	115	12	50	120	93	60	106	63	81	102	43	107	60	91	63	27	73	3	68	90	85	117	66	78	38	47	102	53	74	39	67	101	84	110	77	51	29	99	4	64	57	74	121	78	64	14	102	83	41	19	30	53	30	42	23	63	71	9	73	110	12	103	52	47	117	65	101	94	11	106	31	30	68	69	98	90	21	9	14	51	56	48	65	111	123	44	53	120	71	114	110	43	19	115	39	85	31	96	82	30	2	124	109	71	52	62	56	96	31	11	39	7	67	40	9	7	47
41	68	25	30	10	9	45	108	66	91	78	38	55	78	125	15	71	24	16	33	34	98	87	81	20	29	117	16	66	29	25	71	69	19	109	7	54	101	109	14	39	65	95	50	96	30	109	21	61	40	98	42	77	108	86	49	84	108	59	115	94	9	42	86	47	86	23	45	52	82	64	36	15	3	13	18	33	119	108	70	47	42	8	112	27	105	67	17	98	54	90	46	69	67	64	64	12	8	60	72	29	77	76	40	94	111	86	87	56	77	38	35	19	33	52	11	17	5	3	80
63	125	117	8	9	124	78	103	123	91	119	29	94	85	28	121	15	50	117	58	42	51	32	110	48	7	53	84	89	16	6	84	97	82	54	102	34	1	67	98	15	6	35	118	122	56	81	33	125	94	47	57	109	106	77	99	71	34	10	53	124	86	52	86	123	90	123	33	62	64	10	31	57	102	45	28	77	73	10	124	102	91	14	10	58	5	102	121	102	31	8	36	85	5	90	122	103	65	41	101	79	60	117	45	32	76	21	36	34	58	93	33	57	92	101	55	38	67	16	48
86	40	41	108	29	24	32	30	89	8	76	48	69	31	44	18	37	51	48	61	95	69	123	73	53	64	60	93	12	38	84	62	30	56	87	104	45	120	62	69	85	56	120	97	46	86	91	78	90	62	115	85	89	84	107	109	113	42	55	89	12	56	110	66	9	35	3	14	111	56	22	89	99	3	54	68	101	116	94	120	63	83	71	112	9	70	85	54	79	114	20	73	71	73	41	22	60	9	57	53	99	23	113	108	80	115	24	56	12	24	68	34	27	16	91	11	80	55	69	100
31	41	28	32	97	80	9	120	112	32	103	88	22	47	18	72	96	14	111	33	50	84	62	94	85	42	79	4	45	67	76	67	23	15	80	7	86	71	77	13	25	111	70	61	45	18	11	8	79	34	111	120	61	34	98	53	114	64	89	33	43	97	30	112	46	46	28	74	31	43	85	114	109	5	125	60	51	9	31	75	97	61	67	19	106	78	52	30	90	6	96	11	74	70	32	101	75	110	102	89	45	4	102	65	111	107	107	52	91	56	110	67	67	88	6	49	5	83	73	38
90	62	31	107	50	12	42	18	42	108	31	20	22	91	33	106	11	12	50	44	39	2	37	17	42	16	43	39	118	82	95	7	47	92	113	96	47	96	54	4	85	57	42	55	53	110	31	111	16	61	50	47	112	119	36	113	18	69	54	58	54	27	16	98	25	80	23	14	79	122	85	86	52	71	120	26	101	22	102	120	19	123	19	83	106	8	67	35	71	69	59	32	38	15	34	107	78	20	82	101	2	74	17	64	51	113	125	58	76	16	1	17	114	45	51	22	119	86	98	34
54	57	4	4	89	61	119	59	20	120	17	70	34	84	46	30	66	59	33	13	17	62	12	99	119	34	71	72	76	69	60	26	8	68	101	9	111	44	11	113	33	64	43	56	29	33	13	18	13	107	67	111	49	22	60	100	100	107	79	81	36	116	88	39	79	80	4	13	52	6	31	27	111	68	76	116	35	94	32	124	88	29	30	36	14	76	101	59	45	104	45	35	52	42	43	10	112	20	119	82	15	90	50	37	124	72	38	2	38	101	95	3	96	35	101	120	118	6	17	20
54	85	54	97	5	56	88	101	94	49	48	51	69	9	59	70	118	16	72	74	70	53	90	40	25	41	22	69	23	13	76	72	49	111	43	121	45	88	73	56	110	75	39	12	33	18	17	5	46	36	24	66	41	117	113	65	122	124	72	72	75	90	76	72	67	101	21	99	17	42	56	21	28	23	60	58	67	124	95	24	116	8	97	43	80	82	21	43	100	49	27	11	20	84	101	107	76	86	73	5	16	111	88	115	20	118	91	4	89	37	115	38	13	98	41	119	3	61	16	20
121	111	75	34	125	101	86	103	31	99	47	7	25	71	36	73	15	59	31	34	88	120	72	125	5	77	87	114	68	64	44	123	87	52	57	65	26	101	101	101	44	103	27	38	50	99	125	73	101	61	62	20	57	25	45	53	32	21	79	40	94	71	122	21	110	115	23	18	5	99	80	31	99	14	67	114	65	19	79	102	60	23	94	117	24	111	60	69	93	98	42	115	60	29	94	63	105	88	2	90	26	21	15	24	84	110	31	91	5	34	19	19	63	10	50	16	9	37	4	98
12	28	88	64	114	12	46	72	14	22	97	120	64	5	42	120	6	84	51	13	45	30	116	8	122	89	93	54	36	15	19	94	90	102	115	108	22	72	11	84	13	99	49	115	27	100	31	99	20	24	26	84	117	42	22	98	115	84	88	15	73	36	5	82	56	119	113	105	90	121	65	86	55	100	35	38	19	43	110	92	34	72	41	117	121	54	53	47	71	114	112	23	108	73	38	69	93	14	62	83	66	121	75	54	114	36	2	37	109	40	101	21	23	102	124	65	21	6	119	64
113	29	107	10	41	22	2	107	89	94	58	85	89	31	52	34	123	36	34	22	9	117	41	108	107	12	9	93	114	78	120	8	96	109	112	39	23	100	15	53	41	76	63	62	106	23	66	117	19	50	58	55	16	99	12	81	64	82	74	8	11	41	110	77	99	7	124	83	23	73	115	118	119	104	87	35	72	92	29	96	88	63	13	116	19	108	54	50	52	13	31	33	96	94	91	40	80	124	115	102	28	33	4	120	20	59	29	122	123	56	119	66	83	41	17	21	82	20	61	120
112	47	2	89	53	30	4	73	15	41	86	65	59	89	31	99	92	20	27	33	90	52	8	121	117	20	87	54	62	83	54	32	84	61	52	101	75	28	63	101	31	109	19	96	61	120	100	45	71	117	64	50	25	32	71	40	71	116	47	98	120	95	17	11	87	11	59	73	69	53	59	34	61	54	77	121	18	39	7	81	60	88	44	14	37	97	67	95	53	1	3	94	2	82	10	35	71	28	55	65	70	77	55	120	26	121	32	39	39	108	75	28	47	16	94	96	16	101	84	102
105	81	117	35	99	40	45	60	34	32	118	114	27	106	28	77	114	85	88	45	82	35	26	28	117	82	123	96	66	70	72	75	59	82	18	34	65	114	2	67	41	63	48	69	31	68	24	9	47	65	78	58	97	31	116	3	67	39	117	25	77	78	40	11	43	12	90	119	55	95	27	112	98	32	12	84	89	48	111	106	121	22	72	56	113	64	22	4	59	119	97	43	80	90	21	87	120	7	117	91	93	20	33	37	60	57	69	109	106	108	57	93	86	23	69	91	28	58	7	55
122	114	114	101	6	50	24	114	26	64	67	27	42	78	58	43	64	17	64	99	45	89	89	14	119	76	28	36	93	9	41	52	104	113	4	29	47	18	21	8	109	95	6	74	96	101	107	73	49	8	90	12	90	41	85	43	72	38	71	119	9	100	71	112	112	107	114	6	18	48	116	37	66	54	79	49	13	91	5	18	121	108	39	65	106	108	24	59	69	75	12	114	47	82	104	104	87	64	91	120	17	72	97	104	10	117	114	36	9	63	124	124	69	67	30	118	73	73	22	74
63	38	113	118	25	107	108	3	87	100	88	85	18	48	93	56	86	92	2	57	97	25	23	49	27	86	4	82	13	25	72	87	39	94	122	66	33	39	34	124	80	25	95	114	102	97	21	94	108	45	71	30	38	99	11	8	24	90	89	40	20	74	104	105	107	52	57	55	91	86	22	109	71	2	55	51	120	5	113	27	13	88	31	33	51	2	66	86	47	31	28	26	44	49	44	31	24	99	123	14	121	49	93	40	40	123	67	115	82	77	114	57	32	3	9	37	108	93	89	112
46	16	93	80	49	63	76	16	116	26	2	58	1	114	99	31	29	4	38	39	94	100	77	20	71	79	95	30	123	11	54	75	14	92	113	104	7	50	5	42	113	70	19	55	78	91	67	57	11	100	79	2	75	90	89	14	47	40	125	60	53	3	104	62	37	33	7	31	71	47	7	45	24	5	45	70	99	73	74	110	29	65	16	11	26	17	29	12	105	31	51	45	108	80	76	19	75	46	101	62	57	100	120	8	12	11	27	36	24	94	101	88	106	16	23	11	46	88	38	45
4	104	125	20	79	32	67	119	86	103	93	122	95	54	92	27	11	79	72	73	14	44	32	15	8	77	118	55	32	80	104	4	15	119	35	20	17	5	11	110	101	25	34	3	9	45	70	124	111	16	74	3	25	87	76	64	123	3	89	85	12	73	71	102	57	19	33	56	112	98	25	93	74	9	109	63	83	91	28	118	12	30	112	33	8	100	53	115	82	92	52	93	88	108	111	25	74	116	13	119	81	12	87	74	92	79	82	55	4	63	26	24	84	100	55	77	16	108	48	2
14	94	42	39	20	37	5	39	89	35	20	122	40	23	17	28	4	110	124	53	25	113	84	50	102	32	86	2	63	35	23	8	40	66	63	50	88	107	107	62	69	12	66	11	17	7	90	98	28	60	61	94	40	25	106	99	53	14	10	17	115	39	2	42	93	47	117	30	7	2	28	18	33	89	7	80	89	98	88	96	38	109	19	61	30	66	2	110	28	58	79	72	7	14	68	74	36	1	90	88	64	117	83	74	74	79	79	101	73	22	36	81	92	28	20	45	103	67	42	111
4	11	118	54	42	31	25	42	112	58	93	36	120	17	102	100	92	72	72	123	113	32	52	79	36	102	20	99	48	39	35	48	111	56	55	100	115	113	84	76	62	74	36	49	11	39	42	3	7	76	45	59	116	89	45	12	66	14	69	90	10	30	79	31	93	33	72	63	25	84	101	86	122	86	17	97	74	91	123	75	77	21	120	42	115	59	109	125	58	92	70	114	81	111	25	72	52	95	113	88	13	62	54	12	46	29	89	42	22	47	59	118	53	82	81	101	98	68	28	14
29	8	69	57	113	66	51	33	34	78	124	108	85	61	53	18	10	61	116	80	96	70	84	3	32	10	91	4	88	87	82	110	19	15	90	90	125	33	38	112	32	104	67	76	93	38	36	97	8	29	108	94	57	80	53	80	115	74	9	47	84	6	23	18	71	100	97	66	95	55	113	121	50	25	58	91	66	62	16	53	63	16	116	63	60	109	107	41	40	122	44	92	92	105	103	46	27	76	27	2	76	88	114	94	102	100	96	83	104	34	109	5	120	40	115	111	25	3	111	94
35	1	46	26	97	17	51	62	7	61	88	16	42	66	76	69	17	32	78	88	36	10	13	85	18	18	93	19	123	20	105	77	36	116	102	80	50	37	17	47	4	4	40	83	18	17	98	48	44	12	65	44	31	13	119	32	88	43	19	62	91	76	99	92	23	43	93	75	48	104	40	111	25	118	23	57	38	75	79	46	13	34	89	71	46	9	37	55	114	88	37	101	41	79	38	17	28	88	6	92	83	26	104	43	84	53	4	85	102	55	24	75	11	95	112	68	9	40	10	46
24	22	24	67	43	75	47	107	67	81	4	35	67	98	91	47	53	2	15	61	47	91	111	105	79	87	13	82	90	94	55	4	5	116	27	121	58	38	97	19	5	51	113	7	91	91	8	58	46	15	69	114	77	120	109	79	27	69	2	33	22	121	87	17	64	13	118	40	13	60	110	16	118	93	88	87	86	28	48	22	77	42	122	77	7	5	94	83	31	87	39	15	82	9	40	86	68	56	116	69	25	101	68	58	16	93	67	81	56	104	68	27	10	2	2	69	50	37	96	5
8	50	26	13	78	91	20	82	99	94	54	4	24	74	121	86	71	2	17	94	76	9	10	69	96	38	122	28	125	54	110	43	35	54	63	83	83	124	57	3	96	39	82	19	15	78	93	73	14	50	94	10	25	36	60	101	85	12	94	85	14	109	65	96	24	104	75	10	69	52	93	18	102	122	21	114	105	114	59	87	15	42	61	40	99	10	50	80	94	16	4	26	105	107	83	88	1	102	33	2	97	56	3	16	72	86	122	31	100	114	43	90	121	10	100	39	23	109	112	107
89	115	41	88	55	97	36	72	76	45	117	74	119	48	33	108	88	62	112	100	124	101	95	61	23	84	84	84	91	43	52	65	40	39	28	74	60	85	34	81	76	25	10	35	4	63	52	35	5	97	17	39	22	32	9	53	84	11	71	61	9	18	107	89	107	54	28	61	52	109	81	8	56	47	4	56	73	47	81	112	94	81	122	13	38	81	121	62	85	55	37	107	19	23	110	19	110	118	36	38	21	100	106	84	44	35	39	78	52	102	49	31	38	73	104	9	22	95	97	20
15	115	84	19	90	105	118	64	114	22	93	64	82	43	63	33	16	88	92	13	121	3	71	75	35	77	85	76	117	73	42	22	21	101	44	29	55	102	8	38	94	18	72	32	78	71	62	30	64	31	17	114	72	118	11	32	61	25	11	113	62	4	27	79	120	28	39	6	28	91	88	121	54	5	88	65	54	81	94	96	77	87	17	80	61	14	52	94	3	58	9	33	4	11	113	14	108	97	38	33	90	42	42	111	123	37	114	86	110	25	99	61	39	105	38	14	11	94	22	12
56	19	71	80	29	16	56	102	79	22	58	37	96	51	62	14	33	78	46	16	81	10	17	13	11	59	88	30	7	99	27	25	22	14	37	114	76	91	32	46	55	107	124	2	111	72	85	107	5	35	95	120	92	96	97	60	104	111	66	65	119	44	103	64	31	21	37	70	80	64	60	105	67	35	107	68	16	29	26	120	9	9	60	117	91	53	68	80	33	31	91	14	44	9	73	119	55	11	16	109	13	48	30	54	26	58	107	102	117	7	87	63	100	2	97	53	82	28	39	33
94	87	32	102	120	97	45	88	96	71	89	13	43	105	100	6	114	36	26	26	75	62	38	19	70	11	37	15	63	10	70	20	80	123	46	29	72	38	108	65	8	65	72	30	112	28	19	44	52	68	51	20	38	122	109	64	81	123	88	24	116	21	90	124	40	85	82	107	44	29	88	9	96	24	50	81	94	50	42	90	17	19	17	73	65	91	76	34	2	95	45	121	24	16	104	4	100	55	94	101	40	45	6	36	76	91	42	102	37	33	39	124	87	114	15	90	79	52	75	107
86	46	17	32	99	30	71	84	44	74	25	40	36	9	94	109	77	73	94	74	62	123	110	96	13	121	114	100	85	121	26	23	11	77	56	110	89	100	86	77	64	69	24	46	4	96	96	22	92	102	56	119	93	33	27	4	94	103	35	99	74	70	34	77	9	94	43	28	61	112	50	14	65	8	21	64	4	114	71	42	106	42	4	36	101	69	103	71	113	76	97	52	89	80	67	51	19	25	52	49	112	82	21	56	107	38	97	60	57	50	73	113	34	56	60	52	109	26	10	26
69	6	112	77	59	50	124	106	120	20	98	117	24	78	74	86	65	123	13	97	83	31	99	26	52	23	30	80	95	120	91	9	124	109	99	103	100	69	23	61	38	105	103	109	28	109	106	7	53	115	50	49	27	112	116	103	98	4	32	102	61	65	101	63	71	42	51	39	78	47	6	111	105	48	117	37	38	9	99	92	21	62	25	122	91	71	70	96	27	22	94	27	33	16	109	110	40	5	108	63	124	90	39	83	71	93	25	69	103	120	23	111	105	108	67	81	80	50	64	85
2	39	3	96	69	83	122	25	2	96	70	119	79	95	14	54	124	87	45	87	14	31	93	123	96	10	61	23	29	23	116	7	18	40	83	75	69	89	8	113	118	25	70	68	39	24	42	55	27	124	113	21	31	99	2	44	64	49	61	93	30	124	64	112	42	106	24	42	59	82	122	38	63	104	5	12	101	49	112	44	63	119	49	82	31	124	99	125	110	113	53	121	110	35	119	104	95	105	49	83	8	54	75	66	116	13	34	121	68	10	55	52	32	16	39	111	62	78	27	99
110	123	22	66	50	50	71	8	87	48	18	109	65	74	30	73	26	7	5	84	28	58	116	31	85	122	92	41	76	49	112	63	125	27	96	111	100	21	26	68	110	90	91	19	71	67	29	22	36	53	9	59	100	58	53	4	98	53	119	66	36	82	112	22	12	32	124	40	87	16	106	84	7	28	68	4	88	93	95	88	82	57	73	98	74	15	19	31	122	68	31	21	56	58	10	49	64	91	33	5	105	91	52	8	76	57	50	71	104	44	98	96	10	32	81	26	113	24	53	115
15	74	41	43	2	76	44	49	117	103	98	108	23	110	41	8	118	108	90	62	87	8	37	32	107	117	44	53	46	116	120	96	120	56	82	95	43	88	112	39	36	122	100	113	34	47	42	54	103	7	1	52	59	87	66	68	35	19	82	62	35	16	78	15	35	114	94	100	104	65	117	51	53	113	27	110	113	108	90	71	29	59	56	6	101	90	102	105	18	95	8	48	69	32	13	57	123	43	45	89	45	89	54	78	45	71	111	8	114	10	5	32	36	108	40	103	28	90	101	53
83	105	80	16	102	103	52	46	61	94	51	73	38	43	99	39	6	65	9	32	112	65	86	91	11	57	64	115	68	3	121	98	46	17	69	102	32	20	14	81	103	96	57	99	103	101	87	51	20	72	122	18	78	61	34	61	82	111	44	17	22	76	92	11	118	67	74	22	54	24	106	101	111	11	38	84	125	48	109	81	120	18	32	96	116	82	38	45	32	82	93	71	90	3	83	116	52	35	115	71	47	69	102	105	106	124	62	88	86	87	6	1	32	119	44	108	58	86	84	75
37	62	42	28	76	75	107	4	74	68	95	121	45	20	105	61	12	21	68	108	23	39	29	89	90	123	8	110	82	69	66	44	12	39	46	110	92	94	67	64	77	123	74	92	42	111	108	61	86	23	6	19	26	39	18	113	59	5	99	20	48	72	71	34	54	43	28	123	25	67	104	17	86	74	124	114	117	74	76	59	66	86	75	63	59	67	17	75	102	14	16	99	41	59	53	20	7	18	63	76	56	63	114	100	66	18	26	30	67	92	103	12	117	116	32	58	46	93	113	118
23	66	117	69	60	88	93	45	31	75	85	64	67	17	41	98	79	90	61	71	109	99	63	57	68	120	4	17	32	15	109	98	75	113	35	73	61	93	89	6	5	50	65	73	30	72	50	102	64	94	93	34	16	80	76	14	91	47	94	95	87	72	47	107	68	105	110	108	108	31	82	9	68	122	108	117	121	36	67	45	121	65	27	90	26	84	124	53	17	72	87	24	98	83	36	38	74	52	35	125	30	85	21	42	119	22	48	84	18	5	50	86	24	65	105	122	10	122	107	4
33	124	47	18	124	117	97	9	44	92	97	111	67	52	121	56	65	30	66	97	75	17	112	123	109	83	35	38	56	55	48	21	83	61	27	124	94	22	104	27	118	84	60	49	98	75	36	62	68	12	112	47	17	62	67	3	59	116	46	102	23	63	8	87	124	63	19	115	37	86	78	103	49	27	9	110	17	68	44	35	84	66	116	101	58	19	2	24	90	95	42	100	40	69	40	25	86	14	66	84	36	87	121	36	27	46	7	60	76	54	99	37	50	54	116	4	122	16	27	11
45	31	35	124	39	119	57	112	68	94	75	121	78	4	87	19	70	76	24	56	84	86	1	118	109	102	104	57	54	40	81	107	102	5	99	43	6	19	65	87	97	116	90	105	8	88	63	44	8	1	63	26	52	109	86	59	56	84	22	83	70	124	117	76	42	1	103	77	30	67	97	22	124	109	5	36	70	57	53	42	107	81	89	33	68	37	123	75	77	33	68	2	92	32	76	67	72	57	44	104	16	40	119	90	106	69	70	66	47	15	57	6	87	40	50	116	62	122	9	98
44	109	61	80	60	109	96	95	88	53	49	46	85	80	115	46	98	88	4	107	101	77	27	35	90	69	25	40	62	60	70	53	37	118	53	33	29	39	70	5	16	101	15	93	113	60	107	31	107	59	103	2	87	2	96	123	33	25	76	57	48	43	95	112	103	18	59	71	62	66	45	11	69	117	44	102	83	113	35	38	58	5	94	23	72	62	82	21	72	120	91	80	91	80	24	39	65	7	45	65	11	11	64	44	54	17	22	86	57	107	62	101	22	116	20	89	83	27	91	108
15	80	124	82	37	65	118	125	121	114	3	60	5	71	7	18	85	6	14	91	91	114	42	24	73	103	22	87	38	28	25	63	84	70	20	112	104	37	55	6	60	110	2	38	51	63	99	99	57	32	45	32	73	7	64	91	68	11	27	27	20	75	84	38	121	49	45	72	36	78	102	5	83	85	108	118	7	104	100	99	92	23	5	85	110	108	94	114	110	56	80	80	14	106	116	41	53	17	56	100	50	19	115	57	38	47	57	20	84	36	40	87	107	72	42	99	81	34	16	8
16	103	18	89	54	8	108	2	41	6	20	121	22	107	52	91	1	23	41	48	22	74	93	57	75	58	122	28	121	122	37	107	1	75	12	31	33	122	45	54	88	18	118	78	11	60	78	68	48	80	88	8	87	31	3	54	32	86	106	80	9	47	114	32	64	89	89	21	34	14	22	118	9	35	71	112	84	113	95	84	124	102	56	70	35	75	6	83	92	103	60	122	36	30	7	117	23	47	8	4	39	60	72	51	43	125	119	69	40	74	102	99	100	53	125	115	64	90	87	64
70	17	34	61	42	87	110	111	101	46	103	86	57	64	32	123	76	110	90	58	86	87	90	74	63	84	31	45	112	113	94	94	35	56	11	35	114	64	38	90	7	36	31	55	46	32	6	46	57	31	54	38	97	122	106	85	18	64	69	52	71	69	88	20	30	74	111	113	37	4	71	115	26	106	100	110	108	122	106	98	85	27	87	26	100	7	107	57	41	98	39	42	100	125	32	16	43	110	104	96	94	116	76	6	83	111	108	76	55	30	18	58	16	120	17	69	24	118	64	10
99	93	98	113	80	84	87	82	68	91	124	39	74	112	108	91	69	43	25	74	38	56	55	8	49	123	87	101	90	70	108	122	61	104	48	63	46	25	59	42	102	91	10	93	3	98	78	105	73	91	76	64	122	91	89	81	106	35	101	104	101	58	100	94	34	58	32	5	35	34	28	3	72	13	120	95	78	19	80	13	32	114	3	2	47	89	56	107	17	114	79	33	42	102	122	41	46	40	68	10	10	59	99	55	5	96	58	102	48	100	12	113	15	70	117	30	87	22	29	106
19	4	37	113	23	34	83	49	64	7	2	33	36	64	21	26	14	87	105	46	13	103	69	20	103	33	117	88	120	70	64	122	77	71	43	71	99	113	99	81	41	7	11	120	37	67	109	26	48	67	59	115	117	74	24	91	58	102	97	10	62	113	38	5	13	51	8	86	9	2	28	67	96	54	45	123	63	106	94	42	44	83	18	41	99	83	57	41	77	65	113	103	7	96	69	101	57	80	124	37	59	2	111	98	96	56	50	23	114	104	79	39	83	125	67	25	38	112	51	125
49	16	12	86	93	1	94	108	121	116	112	100	13	53	90	29	21	50	49	42	73	7	70	51	44	20	60	114	95	101	24	64	78	85	27	86	114	19	96	108	8	42	94	28	80	8	6	76	80	110	118	48	122	21	62	71	32	93	30	76	69	10	113	22	6	76	71	124	35	113	60	2	59	31	74	119	92	21	27	35	100	69	55	104	93	34	62	112	37	25	9	112	12	32	25	23	69	19	29	113	26	28	46	123	45	76	112	47	118	82	68	106	106	61	14	7	57	86	123	111
121	115	54	16	17	10	72	61	13	61	41	70	115	82	49	94	6	72	85	100	48	96	79	115	50	30	44	102	30	57	55	61	101	27	79	43	48	112	91	17	103	98	78	38	85	33	40	31	70	55	35	63	36	110	65	91	80	5	59	60	59	109	72	67	74	13	124	11	16	52	54	16	24	16	77	93	45	107	35	48	13	43	56	88	43	23	34	67	74	55	59	9	110	37	31	104	113	45	109	117	110	32	97	37	109	48	72	19	39	123	74	49	21	11	46	89	24	95	121	113
88	89	101	105	26	78	70	100	104	50	92	71	17	60	49	47	119	121	16	52	84	117	67	21	97	125	111	3	52	86	96	10	51	14	51	124	110	110	36	52	124	60	29	62	4	30	74	43	11	55	83	60	9	74	108	61	103	45	116	24	81	88	114	40	94	84	68	49	36	58	64	73	72	5	33	26	27	55	24	24	37	93	97	51	30	83	53	88	93	35	62	87	53	57	22	37	59	110	1	108	87	106	108	49	71	37	56	96	110	76	80	82	94	90	1	81	54	53	5	76
53	114	69	80	117	100	69	12	41	47	109	76	19	77	48	94	89	25	117	88	32	24	86	66	104	35	26	33	53	10	123	33	10	40	21	8	16	41	25	98	60	53	44	119	55	36	87	63	96	92	57	3	92	44	120	27	116	97	110	54	29	12	20	34	118	2	23	118	112	60	81	64	87	38	52	23	27	14	17	77	70	87	29	65	7	120	73	12	114	14	21	72	30	78	42	123	82	99	1	57	21	46	50	35	121	50	115	49	116	87	117	72	54	101	122	79	14	83	45	59
88	37	86	84	69	40	123	121	111	24	61	119	47	121	32	76	123	121	117	84	31	42	9	116	8	68	87	82	76	34	100	116	46	15	113	55	10	105	94	43	113	95	57	88	118	28	95	72	4	124	78	85	119	19	112	39	22	41	78	71	89	72	57	93	123	121	101	30	12	99	88	46	15	29	31	55	121	102	57	75	69	116	4	60	64	36	97	47	63	99	20	39	95	14	10	102	91	82	29	3	40	33	110	70	64	82	54	66	108	79	31	18	54	16	75	60	52	21	50	63
92	49	79	123	50	43	29	86	16	40	37	87	105	64	33	50	20	119	11	18	5	67	114	67	118	79	38	39	22	68	9	25	92	47	25	63	50	102	80	39	54	64	1	4	31	116	38	41	71	103	63	21	70	77	33	100	67	86	69	59	88	81	119	84	5	23	117	31	23	78	81	82	30	18	31	98	68	102	72	10	23	120	58	64	7	68	106	68	43	91	68	43	27	114	33	39	14	105	17	96	104	4	49	24	50	124	68	15	3	92	63	1	26	54	20	70	105	9	55	61
27	79	28	45	63	93	122	64	33	68	60	103	61	36	115	103	9	23	112	23	91	79	70	114	48	29	75	110	4	49	14	8	103	75	73	56	100	30	82	96	106	51	112	90	45	100	96	55	55	57	37	89	22	4	16	86	111	108	118	54	80	45	38	74	60	50	74	13	63	12	9	117	81	42	104	54	76	93	77	30	12	2	112	60	119	108	57	60	85	23	69	11	13	16	15	28	40	81	56	95	93	76	110	55	118	50	65	16	4	57	70	83	40	89	81	90	125	18	60	3
71	108	120	59	50	25	38	69	51	40	37	44	74	113	77	122	19	16	95	47	77	111	118	84	9	3	1	46	2	7	44	39	64	46	44	94	53	57	37	12	51	41	27	110	37	29	107	96	111	125	49	7	105	104	13	32	17	25	107	85	66	117	109	112	97	7	70	112	101	5	112	41	65	60	106	57	45	107	97	26	54	9	16	117	95	60	86	20	58	51	104	10	44	54	37	42	10	84	52	45	81	74	78	113	102	20	62	43	2	11	120	25	60	44	96	80	50	64	111	88
110	93	91	75	79	120	31	45	10	82	110	6	5	67	65	75	113	117	67	81	110	88	98	103	10	2	2	42	98	39	97	83	103	114	109	102	98	82	124	72	118	10	88	35	88	115	122	108	27	17	123	103	112	51	98	86	90	123	91	24	112	29	33	97	90	48	78	103	89	95	71	62	105	84	25	44	46	49	33	75	92	32	49	30	72	55	74	95	104	118	108	40	5	11	51	120	78	110	85	124	76	93	110	113	3	85	78	77	34	56	21	69	65	35	10	31	28	96	58	36
45	75	7	110	92	98	40	47	114	37	104	48	30	23	76	39	82	114	63	19	116	100	74	10	113	111	116	94	49	9	75	67	18	9	71	45	47	61	27	72	89	13	60	104	81	77	76	55	9	105	30	82	110	3	87	22	27	46	2	85	29	99	97	1	91	5	48	99	61	57	61	17	17	116	42	27	5	111	104	98	8	95	11	21	67	38	57	13	109	78	79	75	60	105	34	86	25	113	10	47	114	5	56	43	7	98	43	38	54	111	67	125	29	35	91	124	57	72	97	100
46	108	101	55	88	114	29	94	46	28	3	63	93	63	10	35	35	23	118	117	92	55	91	97	40	72	45	117	3	74	91	70	56	18	113	117	124	65	28	94	19	107	50	96	101	102	102	20	27	16	76	41	109	9	77	102	38	122	107	68	125	60	110	89	39	25	23	106	73	71	99	31	31	77	91	119	106	9	47	60	27	81	23	30	8	17	112	14	28	32	39	38	58	90	118	2	24	62	118	53	11	61	36	72	16	77	22	90	100	11	113	63	13	59	6	113	91	52	48	96
91	114	94	52	85	118	96	43	62	70	55	60	124	122	101	44	73	35	58	88	65	71	27	122	36	117	2	55	4	110	37	61	20	19	122	77	35	103	15	64	82	10	107	78	25	98	45	27	17	85	124	8	6	47	113	124	107	59	16	64	104	60	31	98	66	71	69	86	102	57	49	60	41	47	65	24	48	95	97	111	108	65	90	105	31	15	19	104	6	6	15	23	33	125	117	67	105	114	22	107	116	54	122	79	55	82	8	66	78	45	97	125	16	30	77	117	29	70	15	31
28	21	92	6	91	55	67	15	113	88	52	9	76	104	20	108	38	116	61	54	37	103	119	52	27	105	79	5	95	96	36	42	116	13	122	97	39	121	109	122	9	59	67	77	63	111	29	70	67	114	69	85	43	56	28	9	88	104	41	79	44	86	120	103	106	6	13	86	105	20	79	5	65	67	61	92	39	107	124	20	6	19	87	3	70	80	32	77	10	73	113	1	11	106	86	67	34	89	20	83	90	41	95	124	26	56	98	74	61	15	40	32	14	43	56	36	52	31	33	83
118	118	82	74	47	17	17	15	53	99	76	82	28	98	117	58	63	68	8	47	13	109	47	53	64	59	26	70	5	96	64	31	44	8	110	122	82	90	74	38	114	116	85	90	119	62	16	125	2	118	46	1	18	111	13	31	3	102	23	37	15	93	123	118	70	53	57	27	81	99	83	62	39	111	110	7	112	34	62	51	67	42	29	36	95	70	62	86	18	98	24	120	110	35	87	124	99	122	109	102	106	100	90	71	21	57	124	1	94	108	71	27	34	36	115	2	96	8	113	31
71	71	111	57	26	65	13	58	87	94	44	29	62	28	24	92	98	24	59	119	24	87	117	38	53	119	31	51	76	42	43	70	32	74	79	67	85	90	3	62	15	115	86	31	64	41	47	9	4	101	30	83	59	34	90	75	11	118	52	56	72	46	8	28	44	52	22	45	5	55	116	103	91	89	77	31	85	96	41	106	109	42	60	67	110	37	117	52	94	70	86	26	106	12	115	83	26	29	47	40	98	67	39	111	96	8	87	115	101	3	81	76	86	117	79	22	91	40	40	34
S2jk:
59	37	13	56	43	71	110	113	54	1	110	106	122	72	122	19	10	74	42	12	14	21	52	80	7	120	68	59	89	83	20	2	57	46	58	51	16	90	58	82	102	17	21	105	53	49	74	45	85	61	60	40	16	38	38	5	95	34	121	121	21	76	117	30	100	105	69	3	80	100	118	28	67	67	73	19	90	63	114	46	47	97	8	80	17	83	114	3	50	39	124	81	90	16	50	91	61	86	93	29	24	19	95	82	19	85	92	30	42	55	37	23	97	30	60	10	27	39	76	42
23	48	2	61	112	89	71	107	22	42	45	108	19	29	67	100	104	82	19	69	28	13	90	10	69	47	102	33	79	55	125	60	116	77	40	97	105	65	8	119	113	76	116	57	33	110	100	65	21	59	10	23	46	80	40	106	2	43	85	52	37	44	111	12	13	9	51	119	79	94	15	34	112	47	39	102	34	116	9	93	117	12	104	5	111	86	32	110	117	37	121	104	89	96	108	106	56	33	26	80	101	112	24	50	70	68	3	107	111	29	99	120	76	41	40	52	55	3	54	66
53	46	121	45	71	24	109	102	113	100	59	54	116	40	102	43	84	120	81	89	69	11	94	99	48	77	124	64	52	41	125	45	125	42	66	44	74	16	2	28	20	108	115	107	29	11	49	44	42	11	113	5	114	39	108	123	64	69	87	8	36	3	31	110	65	75	11	35	54	79	9	111	82	70	40	73	68	90	44	5	102	101	103	49	2	95	122	51	65	8	120	42	42	6	101	63	57	117	116	69	64	57	60	30	114	122	71	28	61	102	27	16	112	79	26	54	69	24	53	54
73	10	85	53	41	89	45	32	113	42	95	14	26	60	123	40	69	41	89	101	67	2	26	37	38	64	29	87	3	111	11	119	56	93	70	83	120	65	11	17	99	104	25	69	98	86	33	55	6	61	7	60	50	61	60	67	121	118	41	29	107	46	87	23	117	56	36	101	4	118	121	92	28	28	62	77	14	124	82	24	22	107	16	112	60	89	113	86	89	125	64	63	96	53	19	63	115	91	81	64	119	55	87	3	113	48	61	118	107	93	15	83	38	62	95	79	106	35	24	88
121	83	107	100	102	47	114	22	22	52	86	34	91	106	74	112	89	107	73	65	98	73	70	50	14	49	35	51	48	64	33	20	72	37	88	86	92	100	63	6	73	107	19	3	7	107	9	91	24	32	12	108	25	103	105	90	26	89	8	103	8	6	112	81	29	21	92	33	18	37	109	117	120	40	49	73	93	99	78	56	14	46	96	24	87	98	17	28	64	43	101	93	118	83	23	64	24	75	113	107	93	31	50	97	48	52	79	103	42	2	50	76	119	86	86	5	95	107	54	121
18	89	22	111	6	37	40	124	73	16	49	51	82	30	124	62	14	93	109	26	84	78	4	35	85	43	101	93	95	102	115	38	6	34	16	24	7	40	67	13	66	75	45	98	115	98	53	42	36	7	25	63	13	91	13	9	43	107	19	92	8	18	90	7	28	5	54	73	90	75	63	49	8	2	122	94	114	13	82	11	76	67	113	84	2	15	44	30	72	23	52	92	21	123	123	84	27	102	8	28	54	17	3	30	33	5	70	17	51	84	124	68	50	89	124	56	103	3	64	112
54	47	52	90	68	107	15	4	36	101	3	36	116	42	74	5	31	37	41	97	42	86	38	52	65	104	103	76	109	58	5	93	32	27	117	17	42	122	111	20	47	94	8	97	33	22	46	101	28	69	50	15	67	10	27	19	78	26	71	98	78	105	27	10	101	26	102	49	123	77	62	60	100	26	85	59	103	65	9	16	47	108	75	31	20	100	115	12	39	101	95	2	60	37	112	87	112	106	59	26	19	29	101	59	114	28	72	9	34	99	35	122	108	6	86	99	73	104	46	10
30	87	43	70	52	67	55	104	92	16	11	20	118	23	60	31	36	28	120	72	12	52	17	57	10	62	35	90	29	11	98	69	89	42	65	47	73	122	14	67	85	80	110	72	45	37	120	114	32	21	68	74	17	71	112	17	105	40	38	45	117	56	108	78	79	104	23	86	19	6	82	122	44	121	83	113	107	93	11	101	117	84	36	61	54	119	119	4	21	103	21	95	41	96	106	89	9	118	58	120	102	57	31	92	120	114	113	50	63	89	49	83	2	51	45	108	78	14	63	109
119	32	6	38	39	95	86	41	103	108	114	48	34	38	68	60	99	59	81	11	105	52	5	52	40	80	30	8	22	28	123	94	45	24	33	64	91	43	37	124	118	58	2	88	122	84	20	60	80	47	30	40	44	102	78	81	67	10	75	10	51	87	94	36	19	38	11	15	93	116	89	114	22	42	14	113	91	78	10	102	11	20	17	34	121	114	5	72	33	33	16	103	106	114	112	27	38	33	85	109	43	105	5	42	34	79	91	97	100	114	10	107	100	3	66	30	100	35	100	97
95	112	93	66	70	8	15	46	112	101	57	13	85	112	110	8	67	109	114	35	81	47	102	110	26	74	123	92	68	40	80	4	65	114	89	89	23	42	81	9	65	97	55	78	70	69	32	72	19	22	88	110	87	74	49	122	100	64	64	88	95	48	14	66	65	62	116	110	92	116	53	31	115	95	42	50	18	13	16	88	14	41	82	108	9	121	61	66	53	21	65	76	7	69	111	113	49	20	33	97	42	8	63	98	16	24	116	108	78	45	90	113	1	59	71	39	105	34	36	98
24	47	18	49	80	60	55	22	115	83	43	25	24	21	115	8	82	6	77	64	27	45	29	67	54	75	117	35	78	10	16	65	91	121	76	26	51	81	113	97	100	72	84	119	9	61	9	120	30	61	9	100	40	60	85	119	17	49	55	87	18	78	70	90	77	96	74	98	3	95	28	6	118	14	123	58	108	80	62	46	77	38	117	66	83	24	25	123	24	5	84	119	111	98	19	104	72	46	57	123	119	69	104	50	42	109	68	7	87	50	35	125	71	48	80	97	89	23	42	43
53	95	95	93	48	59	61	110	54	61	42	57	68	26	41	51	58	65	45	16	112	123	32	83	62	50	60	44	83	34	19	19	27	93	89	83	18	93	109	46	12	6	110	44	59	96	4	25	10	16	85	33	50	35	53	12	75	107	80	55	37	59	37	77	68	8	60	73	95	122	69	36	124	91	40	80	38	58	36	25	34	101	66	25	86	34	11	122	47	72	7	37	75	43	65	84	118	42	69	65	49	61	111	113	24	62	46	67	89	120	17	99	86	17	120	99	48	62	22	67
17	30	69	101	118	76	84	5	35	9	116	43	73	63	121	9	117	40	107	60	19	46	61	60	82	102	39	31	20	105	21	101	71	12	19	76	45	38	69	35	31	58	32	115	1	49	93	47	93	117	103	3	77	64	117	14	60	21	117	5	121	80	80	3	90	62	19	70	77	56	69	113	120	7	113	37	22	87	95	40	114	42	64	98	114	17	87	81	70	10	66	113	49	31	35	70	16	107	18	56	97	11	2	24	33	36	96	58	120	40	24	2	75	39	79	68	82	79	108	66
94	112	34	10	2	64	39	108	100	100	31	91	113	97	39	104	103	65	21	124	114	8	51	48	94	97	79	32	61	16	115	90	30	18	111	53	108	90	75	89	89	66	80	24	110	11	97	34	105	56	34	105	58	91	71	98	15	23	19	122	22	107	51	104	42	88	56	11	90	2	112	6	39	83	18	46	25	122	7	27	76	99	61	28	84	30	82	91	73	78	15	97	4	13	47	48	107	118	95	55	55	14	62	24	8	82	103	16	56	68	114	45	119	112	76	87	31	111	59	60
7	117	18	100	93	67	42	112	32	83	24	6	37	55	54	87	13	122	50	32	104	72	86	68	59	5	15	16	26	50	101	69	4	39	72	74	114	113	85	72	32	101	65	41	82	54	59	103	65	59	98	108	91	12	114	27	103	46	71	110	91	105	109	70	120	94	124	109	44	42	100	112	45	70	49	30	118	66	56	116	27	70	80	65	73	27	71	86	74	109	46	97	42	22	39	71	41	13	50	75	35	124	82	34	117	10	65	14	25	13	108	44	122	13	67	9	48	22	40	7
103	7	73	119	113	123	63	56	109	33	47	32	6	110	96	96	41	47	75	33	67	10	109	21	85	115	114	44	19	105	122	22	117	88	47	24	2	20	58	85	86	14	121	94	16	24	41	77	13	57	101	36	50	97	20	4	41	46	15	18	72	15	15	21	80	110	105	92	124	28	11	58	119	45	38	18	62	6	122	72	6	81	35	101	52	120	84	74	90	100	5	16	7	24	60	46	93	107	25	62	26	26	30	74	57	72	101	90	115	88	111	120	64	51	74	67	69	35	20	65
22	80	10	89	58	122	45	44	124	119	90	4	36	32	23	82	107	111	56	76	1	113	39	16	23	77	50	77	69	80	91	30	52	1	86	90	8	77	93	119	63	12	1	118	108	65	65	64	41	33	115	70	92	7	53	118	30	86	28	48	2	8	1	83	35	43	41	29	12	21	72	33	86	82	119	99	59	5	25	102	40	105	110	115	7	11	65	99	93	67	14	10	59	62	26	64	19	31	43	117	42	33	17	116	19	123	89	26	115	121	54	4	46	120	71	43	10	38	7	50
35	107	99	118	40	69	53	98	21	112	71	15	17	119	11	36	31	14	16	90	53	16	116	29	6	25	34	37	46	35	51	8	54	75	52	70	13	17	33	82	22	16	77	80	21	86	10	40	82	83	72	37	51	75	65	23	92	102	76	112	9	33	122	26	57	102	125	57	88	4	125	121	112	80	2	53	47	111	51	92	86	89	10	79	26	30	71	11	122	96	8	12	79	54	48	119	120	61	63	111	13	28	101	10	35	39	122	8	21	22	51	120	45	82	93	94	71	108	31	67
49	12	90	19	93	2	120	81	25	108	47	14	86	7	66	97	116	41	104	36	107	73	48	26	35	20	5	97	125	90	20	8	62	42	36	38	78	30	95	89	8	100	21	76	48	99	25	75	114	28	31	64	31	116	103	31	80	57	61	31	26	14	86	11	9	19	124	76	19	79	90	18	45	117	107	114	40	22	30	76	67	88	121	109	41	94	14	120	47	117	27	25	74	42	63	46	113	125	100	40	27	96	103	102	99	18	116	26	21	6	57	75	69	77	41	89	105	119	19	20
36	50	3	23	53	27	88	46	124	102	110	47	122	60	67	33	43	75	14	37	103	33	24	31	8	65	4	49	88	31	40	49	75	43	105	89	44	4	5	61	89	23	121	111	101	107	74	89	12	70	65	5	76	7	22	45	96	115	75	124	51	91	4	12	80	95	9	64	55	107	56	104	10	80	47	80	57	116	79	85	29	123	3	118	108	109	64	24	73	22	42	68	87	35	58	24	85	107	61	32	60	79	85	2	95	23	59	39	3	62	28	120	15	113	42	109	69	106	104	4
19	96	105	112	119	11	13	106	97	90	115	120	19	40	72	82	11	84	22	70	49	23	50	106	5	66	95	122	112	8	31	62	6	19	8	72	62	24	27	123	96	29	109	102	96	111	20	83	121	77	62	58	49	39	34	54	63	56	62	107	43	75	98	50	78	72	104	25	44	69	102	95	15	78	37	61	45	65	105	81	41	98	43	69	101	26	121	109	89	95	107	2	107	65	22	87	38	117	113	84	32	22	71	82	122	98	27	66	34	89	118	33	71	43	42	28	83	21	63	68
10	86	53	21	62	52	100	23	54	10	75	12	14	109	94	20	43	8	78	112	77	12	87	74	86	124	59	23	16	31	38	15	72	99	94	21	119	100	107	17	8	2	14	58	113	87	81	7	67	39	98	110	61	67	97	106	12	51	61	46	30	17	70	69	112	61	81	113	69	121	71	26	45	115	32	113	113	5	87	114	14	73	24	87	69	69	91	122	57	48	103	89	5	44	88	48	113	79	58	37	40	73	74	103	78	49	82	48	72	24	23	21	57	23	15	15	37	124	91	117
116	87	10	98	45	43	92	118	14	19	83	3	33	107	36	63	57	36	41	1	38	34	113	105	15	39	92	78	54	69	64	93	120	78	96	11	5	122	82	59	63	110	72	90	75	104	73	118	17	48	26	112	100	69	47	67	14	35	1	31	103	34	70	112	15	76	43	106	120	47	36	82	96	31	95	67	27	66	21	3	74	14	56	6	3	97	34	35	74	101	87	91	122	112	119	49	7	83	47	71	36	63	59	47	96	15	114	8	81	76	34	53	15	103	95	33	54	84	121	88
1	41	14	92	106	64	37	92	95	56	9	84	51	34	24	88	97	9	106	31	75	110	26	115	9	77	59	99	59	79	44	65	115	74	45	7	26	7	89	100	32	16	97	120	54	40	95	11	88	45	94	122	90	82	61	66	79	26	12	82	57	14	92	56	100	56	7	72	19	32	39	18	85	46	119	107	86	25	107	31	30	23	21	78	97	83	88	123	10	81	78	67	25	72	100	52	124	104	101	96	37	86	48	14	26	102	41	104	51	103	117	12	50	7	33	29	56	21	90	33
5	117	95	4	15	120	21	27	67	58	64	84	31	98	33	16	20	122	4	69	15	16	24	84	124	108	99	31	29	120	53	60	44	100	19	120	62	71	64	62	69	20	120	41	54	84	31	107	35	90	98	59	46	21	6	15	103	72	88	5	95	83	121	107	71	81	46	119	107	64	116	59	65	43	101	63	12	40	6	102	5	40	115	120	115	32	72	75	51	78	84	4	29	23	94	79	58	9	85	7	103	5	76	121	87	78	10	53	99	39	5	2	69	93	18	98	111	106	122	3
11	70	103	41	116	9	2	74	85	103	89	104	10	61	40	112	118	20	39	98	95	89	113	70	14	72	20	80	87	24	95	124	16	56	113	42	89	99	6	75	4	83	82	13	91	25	95	112	7	32	118	45	32	8	91	41	50	4	7	91	32	99	37	107	120	35	16	66	18	114	34	90	45	59	104	63	46	27	69	63	112	115	86	70	24	93	83	106	45	65	59	122	60	118	7	54	101	30	122	16	72	72	5	8	41	69	51	20	65	28	68	121	96	7	122	52	58	13	90	62
61	116	33	77	26	3	78	102	72	92	41	3	45	65	90	98	44	70	65	9	42	108	120	26	115	33	30	61	98	66	82	79	62	54	99	114	4	67	15	16	35	36	27	9	123	78	19	83	101	84	58	56	125	69	62	14	119	120	20	111	87	120	57	89	24	89	4	47	95	16	21	44	84	9	121	46	3	109	98	65	63	10	2	102	92	84	35	87	115	5	62	113	17	42	122	27	98	50	9	107	41	86	114	39	31	28	26	105	27	69	29	68	101	3	34	117	24	114	115	55
88	114	107	28	8	27	46	58	59	80	9	70	100	60	98	20	102	63	125	115	121	95	75	57	107	125	119	41	21	12	7	35	26	30	101	61	85	107	48	70	100	35	96	114	24	33	116	90	61	15	16	113	100	110	24	85	59	46	31	120	27	90	37	48	4	15	100	73	37	27	38	12	100	119	31	49	95	40	71	49	45	15	7	61	32	117	58	34	118	109	80	77	98	107	39	101	122	111	79	14	84	99	104	80	9	41	36	100	10	121	84	121	26	10	92	91	45	75	39	3
104	37	83	118	39	37	23	1	99	36	88	29	35	60	53	97	88	84	106	94	91	63	50	58	22	6	67	74	53	23	36	21	42	54	8	87	13	13	29	101	125	115	52	55	119	52	93	124	125	80	107	87	75	3	59	22	124	55	17	3	70	90	19	79	7	27	69	75	38	5	33	29	42	43	116	108	72	101	109	114	99	79	85	3	8	122	19	39	119	74	104	58	7	107	13	92	105	55	84	30	74	12	67	46	14	11	36	87	69	92	14	68	99	27	69	100	20	32	77	92
75	43	113	68	52	82	100	40	72	69	12	100	110	51	57	102	80	67	93	91	31	89	69	31	57	9	48	14	53	56	57	89	66	68	47	30	62	17	62	76	32	104	122	106	62	89	94	37	2	74	99	42	6	14	41	88	96	55	68	83	28	30	118	87	35	76	87	115	124	46	56	12	123	57	66	1	108	29	110	30	3	25	109	82	56	50	70	109	23	12	34	73	99	22	5	16	118	95	51	47	8	66	61	72	55	51	50	37	20	13	46	95	93	67	124	3	75	63	48	58
116	91	21	10	111	87	75	34	44	84	114	20	118	84	105	52	20	20	23	107	124	47	118	36	26	85	46	14	44	96	121	94	73	33	84	83	59	46	51	34	19	102	14	85	46	88	17	119	43	58	58	78	46	110	25	84	114	33	97	96	54	64	117	91	91	60	123	15	70	113	114	61	72	36	83	100	93	40	15	58	8	72	105	30	12	25	71	29	25	18	26	52	80	88	76	115	111	63	59	109	42	35	106	106	2	39	9	54	113	57	63	115	4	87	89	3	82	86	48	62
34	49	86	105	118	28	111	79	63	46	13	119	109	15	24	17	60	12	111	52	120	119	75	42	9	40	108	101	109	58	119	81	51	2	46	32	43	78	82	48	107	33	8	99	120	103	97	32	25	32	24	108	102	9	82	27	98	23	63	62	74	76	122	68	51	73	82	110	56	64	24	6	70	39	28	113	111	111	75	64	100	16	83	2	16	105	61	1	12	95	54	58	88	18	54	34	57	95	65	101	4	71	90	124	118	89	98	23	13	70	92	25	73	99	62	101	26	35	82	77
118	67	26	102	35	43	90	86	84	73	22	21	71	34	15	71	56	119	82	63	111	86	64	90	101	115	117	9	101	120	25	39	92	33	44	52	83	90	33	22	42	103	125	117	41	78	99	85	89	27	103	6	107	43	12	105	41	24	102	85	51	94	72	36	101	102	102	47	44	67	83	43	46	35	99	117	23	113	76	22	7	124	22	35	29	55	6	26	69	11	122	52	123	97	111	108	58	105	16	117	104	104	77	35	26	94	115	89	105	112	120	97	123	45	114	31	69	82	55	23
3	100	86	68	79	108	64	38	71	92	95	75	71	45	9	83	33	77	86	108	54	125	38	49	40	51	51	82	122	14	43	14	104	25	102	88	19	35	63	2	37	98	91	32	31	92	32	96	61	49	35	107	101	11	14	46	7	39	15	22	4	53	121	116	121	38	8	78	107	74	26	1	34	122	9	118	98	111	78	117	93	84	98	8	42	6	63	98	92	34	8	92	9	18	65	90	69	36	22	95	113	25	84	39	58	124	50	108	94	83	80	27	80	9	105	20	105	25	42	80
95	107	38	61	74	124	120	35	110	18	125	44	5	27	116	22	10	73	89	106	68	6	66	74	119	111	30	51	64	47	101	70	36	80	61	13	57	93	23	116	83	108	119	78	73	17	21	87	66	52	7	11	22	78	90	68	20	86	15	119	114	111	90	48	44	56	113	113	85	84	80	12	103	59	62	116	62	12	80	90	43	53	4	38	98	91	67	2	121	115	4	2	110	101	101	69	122	23	54	44	39	70	61	64	124	49	54	2	57	2	22	65	93	54	54	78	72	16	17	23
6	5	89	67	112	113	94	23	90	43	10	24	37	37	4	5	74	13	22	63	39	12	89	102	121	123	4	25	22	90	3	28	48	10	32	110	28	1	66	105	59	43	117	23	67	42	92	4	22	119	117	59	80	115	85	78	113	89	61	67	49	13	30	89	124	106	15	73	106	109	106	97	52	87	2	99	86	12	43	105	121	102	115	22	58	45	15	6	100	124	95	111	114	112	73	104	26	106	1	73	56	35	40	90	66	38	69	90	4	2	77	37	77	98	15	71	27	6	30	39
27	21	29	72	59	44	22	78	31	35	44	102	18	118	35	23	20	2	17	24	2	102	93	111	41	86	55	72	115	29	3	65	49	20	35	62	89	77	43	7	83	37	91	31	19	97	113	69	121	38	4	45	7	104	54	85	114	9	59	99	74	33	70	123	18	59	123	116	124	121	19	14	26	63	49	66	56	59	95	76	87	42	31	74	118	113	8	106	106	91	76	4	121	75	70	6	98	14	109	68	76	114	96	90	8	91	36	19	14	10	11	79	91	17	91	45	125	45	88	92
55	114	42	88	4	90	72	10	100	112	48	73	105	118	10	28	11	77	26	105	95	106	82	123	102	76	79	17	69	14	8	64	66	115	82	107	93	84	19	35	120	69	50	110	115	91	77	72	53	82	49	97	119	106	108	67	86	15	54	17	66	7	26	85	32	34	69	62	105	85	105	69	116	36	36	118	91	75	72	5	124	15	108	113	98	66	76	6	3	110	9	38	17	34	63	84	13	68	29	52	18	60	37	64	36	117	119	51	110	120	95	60	97	44	64	111	32	31	23	23
20	34	93	86	6	10	3	113	16	54	2	92	33	9	24	114	110	69	29	116	16	17	88	125	48	4	39	65	31	82	6	104	1	122	47	69	36	93	26	65	77	63	37	41	23	89	18	89	70	78	96	8	20	35	97	4	47	22	107	57	50	107	103	79	62	89	62	36	67	100	43	47	44	49	120	76	49	39	120	87	33	18	47	28	70	10	12	5	26	112	57	29	19	87	11	115	22	26	90	5	84	46	41	13	117	53	103	96	61	109	60	58	26	70	51	24	21	110	1	77
15	43	52	70	78	91	61	85	73	51	85	26	27	39	1	71	101	70	48	14	103	110	32	37	81	80	31	85	114	17	112	75	65	98	54	3	12	100	36	17	4	4	110	91	46	92	113	67	72	14	23	103	41	29	51	75	122	38	80	28	116	14	37	105	32	98	24	11	18	56	90	100	49	23	34	27	119	14	25	45	84	100	16	90	33	101	96	2	84	28	41	30	53	27	65	35	87	111	122	84	125	68	12	14	40	99	111	23	91	58	90	56	58	111	61	70	83	82	45	47
39	33	98	110	71	5	29	2	12	95	67	87	93	5	21	39	12	18	3	102	63	20	41	85	47	100	47	115	9	70	17	102	33	71	98	84	117	78	54	67	12	111	36	76	97	55	38	86	17	77	9	92	55	31	73	42	84	120	61	22	106	21	122	80	56	20	50	89	115	52	34	2	21	29	18	114	57	54	7	28	36	113	95	69	58	79	29	113	67	9	3	120	21	108	78	74	74	110	120	33	14	92	32	16	18	122	105	5	85	104	119	42	28	70	41	40	16	113	9	58
45	66	43	59	110	94	78	92	3	9	23	107	94	49	111	65	108	50	38	6	10	29	106	93	90	43	102	121	33	79	5	50	31	109	107	55	36	101	121	93	88	94	99	1	62	7	71	71	14	109	122	80	74	64	74	36	30	86	76	8	100	13	109	73	88	120	92	94	113	18	59	43	83	109	93	52	79	59	33	25	68	106	34	109	24	16	72	44	77	48	64	72	83	40	73	58	98	67	98	52	117	36	118	61	35	68	51	49	105	5	47	17	33	47	24	108	38	21	29	120
71	86	76	53	73	66	101	53	34	97	85	43	29	87	4	98	66	47	16	105	21	31	5	125	30	18	118	34	102	59	3	45	97	123	19	9	30	81	19	37	43	48	73	48	12	105	50	80	54	116	7	111	61	121	10	65	81	99	84	71	82	26	13	95	5	93	103	88	47	22	97	54	15	110	123	100	39	84	90	48	111	63	90	114	57	47	104	113	105	30	75	34	111	122	44	112	66	93	48	106	70	42	15	46	2	48	15	64	8	61	17	96	1	56	20	119	72	97	118	20
43	3	35	42	25	11	53	96	72	98	103	23	10	75	124	29	106	19	29	115	10	55	91	95	72	121	60	70	39	90	105	106	105	2	29	34	17	121	39	4	88	119	89	40	85	13	90	98	51	77	47	87	32	99	29	21	112	40	97	13	73	16	107	102	38	77	47	111	3	16	93	117	5	109	91	84	61	42	88	19	70	61	8	108	70	30	34	9	77	86	24	106	94	86	44	33	125	25	61	66	15	16	46	103	30	120	5	114	50	55	100	86	79	95	112	18	114	95	39	24
117	76	3	42	110	50	113	96	89	112	78	58	109	103	43	103	18	47	121	107	97	32	52	59	98	90	44	89	35	80	33	10	59	59	114	37	56	56	47	21	9	105	7	24	45	47	70	106	43	24	107	51	46	84	92	39	76	20	67	80	111	119	22	90	35	80	97	88	39	18	119	22	122	107	51	59	69	83	94	84	106	110	61	111	70	13	103	39	54	32	19	37	125	59	43	73	97	18	102	124	109	27	25	11	29	36	114	92	66	73	116	65	28	47	105	21	97	80	115	114
23	2	39	40	76	123	123	84	17	31	123	26	29	105	30	104	28	3	22	21	121	12	75	108	29	74	78	53	77	62	73	60	74	1	89	29	72	32	122	36	8	47	91	123	24	70	121	42	67	57	19	109	124	29	46	103	100	46	121	114	18	53	103	94	112	16	64	121	15	9	87	63	17	34	122	92	86	94	117	121	99	10	59	68	37	106	98	113	5	78	72	51	45	46	82	119	25	121	21	16	20	111	94	77	49	79	44	65	22	89	18	26	115	19	85	83	57	46	55	26
17	92	116	118	25	94	19	46	103	38	31	26	20	93	101	43	24	66	20	34	9	118	21	3	20	43	75	60	74	44	95	114	92	47	77	114	46	15	105	6	30	10	17	92	99	15	41	55	56	31	120	103	73	53	50	40	124	41	8	55	120	65	94	108	104	78	77	33	60	52	65	51	33	45	6	72	99	54	50	111	13	22	75	7	57	56	17	95	57	101	19	104	117	122	21	73	65	117	43	98	78	106	57	13	35	42	54	38	18	4	42	34	104	35	123	109	48	58	27	78
17	115	12	70	103	108	65	19	48	92	84	114	84	21	13	12	17	31	44	94	110	88	9	61	112	60	80	33	100	60	52	117	31	103	45	90	54	112	83	76	35	59	125	95	31	19	58	54	121	62	20	72	7	35	54	91	37	29	71	11	14	21	116	77	47	60	38	124	26	41	25	28	7	120	120	76	67	47	7	63	99	73	65	13	86	10	47	37	49	7	48	5	92	80	48	28	3	23	17	50	39	52	5	1	42	58	62	8	54	119	61	2	90	65	58	83	5	64	122	16
81	13	95	27	10	122	41	51	17	70	7	22	8	85	64	73	31	29	65	116	9	86	64	39	56	40	88	50	97	9	4	59	125	83	16	14	59	21	66	92	25	92	117	98	8	14	113	64	66	17	93	121	108	51	37	4	92	84	56	41	97	43	104	97	72	12	21	63	13	66	113	85	60	109	61	77	112	53	121	35	34	34	122	122	118	111	99	15	102	49	26	26	114	92	64	105	32	108	64	9	57	19	61	10	74	88	117	58	7	2	14	34	43	36	123	79	69	116	8	62
19	104	121	87	62	103	76	81	40	119	93	77	54	15	28	6	12	92	37	103	121	55	90	60	8	121	91	111	30	35	29	42	24	84	115	48	103	93	105	44	3	28	88	50	6	53	33	80	108	107	123	124	93	27	31	116	35	12	94	35	124	2	10	11	58	118	50	66	25	75	6	105	74	22	104	65	56	24	10	94	56	82	23	85	19	56	100	39	46	121	46	31	38	34	29	24	50	85	14	11	43	50	59	68	8	75	33	119	100	4	99	61	33	89	113	71	21	104	98	107
101	112	107	123	91	103	30	21	122	70	121	63	105	113	61	74	9	121	41	67	51	122	42	18	19	20	70	121	93	19	17	18	21	33	97	18	109	87	112	3	43	104	102	40	60	85	93	32	15	78	29	72	66	66	51	66	1	76	5	92	93	50	34	121	113	12	6	75	95	9	8	48	10	101	56	15	99	68	99	84	91	6	73	78	56	24	71	52	121	15	82	36	112	58	105	100	63	39	59	61	81	13	117	99	13	55	121	72	82	117	3	94	83	90	51	109	35	107	39	59
118	103	52	36	32	115	56	22	114	98	59	32	108	80	10	34	29	114	10	7	81	14	5	78	109	82	14	64	120	32	114	55	107	102	76	48	50	87	113	111	82	96	41	93	60	90	8	112	39	101	94	82	115	32	116	3	74	108	49	50	74	99	81	92	124	111	115	16	104	94	115	119	66	81	49	78	3	37	56	99	2	111	54	111	61	124	50	92	67	32	110	99	64	36	61	79	60	121	110	42	19	98	28	47	72	74	3	7	87	105	112	124	29	50	29	83	51	65	67	17
6	28	72	8	14	5	13	58	94	33	68	115	56	6	9	10	73	70	10	123	46	8	90	84	85	7	35	120	124	88	55	49	108	57	111	49	115	64	61	35	84	79	5	4	45	83	44	4	8	23	60	36	81	29	104	34	62	25	35	119	80	53	14	43	120	80	39	60	85	54	52	118	25	49	56	112	12	21	93	107	65	7	15	120	88	17	108	118	62	96	54	57	92	2	63	85	34	6	91	66	44	97	17	31	63	32	109	41	92	111	36	25	96	94	76	111	102	81	124	113
58	29	87	28	14	50	93	25	85	30	99	37	52	117	111	125	3	26	24	26	33	46	65	35	58	109	70	105	35	122	46	124	101	49	21	103	70	89	27	111	92	30	54	97	58	40	5	116	23	13	52	63	110	13	24	121	71	75	83	46	71	56	61	92	114	108	16	115	47	76	6	26	27	11	123	85	55	42	121	33	35	1	71	68	82	39	87	95	26	49	79	124	86	103	90	101	32	60	40	43	54	42	48	123	71	22	93	70	19	99	95	14	60	23	103	68	63	30	123	43
66	77	122	91	106	51	80	105	58	69	98	51	7	96	18	34	122	38	26	63	75	17	18	25	109	77	26	72	55	58	86	94	48	3	7	12	53	89	63	83	98	11	19	50	2	38	45	7	96	89	79	13	79	21	118	46	48	18	3	63	112	59	111	5	102	121	31	43	54	54	18	123	21	23	105	55	68	34	52	18	58	23	67	74	121	104	2	33	1	89	101	60	27	4	120	33	106	49	109	6	45	39	38	8	23	2	35	26	95	2	98	90	29	58	65	6	59	79	9	4
92	4	103	81	102	5	29	100	96	10	29	108	73	94	69	93	17	7	14	74	41	4	51	38	31	20	26	37	34	124	69	3	61	120	78	2	2	108	23	46	59	4	79	25	30	65	15	119	120	5	57	99	112	4	35	74	93	120	26	13	21	94	46	46	2	112	98	41	88	62	115	89	18	5	58	2	61	90	46	86	100	82	26	39	12	122	119	77	48	43	87	52	76	123	118	65	57	67	81	106	114	25	103	63	97	45	72	14	13	58	29	112	71	76	80	99	118	41	13	81
88	109	2	33	50	38	21	67	80	104	87	22	58	119	53	37	52	70	87	85	44	108	32	88	79	102	79	74	5	82	35	5	62	14	51	123	6	70	112	9	25	83	93	51	84	15	42	31	73	81	68	117	67	116	7	42	72	85	114	40	54	11	102	62	79	111	117	86	88	60	45	6	61	27	113	34	101	30	91	5	27	122	53	38	32	125	114	21	107	45	19	78	60	77	105	27	41	78	19	96	58	120	64	72	17	78	32	66	16	110	58	7	41	113	79	113	42	111	124	112
97	92	122	2	86	98	85	95	28	62	69	35	114	71	51	80	103	10	56	58	10	92	88	99	111	37	38	25	92	47	16	64	20	49	39	59	88	5	82	94	43	102	46	19	71	41	99	122	70	8	99	68	20	108	74	64	25	118	85	32	38	33	81	92	113	16	50	29	7	125	6	6	17	67	29	59	68	54	44	29	80	34	18	88	51	10	101	28	122	123	80	67	29	19	73	76	39	11	105	89	30	122	104	17	94	47	63	73	46	93	74	50	52	38	62	36	18	8	22	52
116	58	37	35	6	13	1	18	53	77	57	95	64	90	92	84	88	111	120	3	29	75	99	100	85	116	58	31	110	118	12	13	21	12	47	12	111	71	27	68	31	37	6	79	60	72	19	121	44	23	123	85	121	109	107	88	117	41	19	30	66	109	29	110	35	10	35	85	103	45	68	33	82	114	30	67	116	58	116	31	14	50	59	35	40	95	55	39	71	41	7	105	27	31	113	38	37	103	91	56	45	27	7	113	85	29	45	56	55	38	114	71	73	80	103	1	35	45	41	33
100	93	74	26	74	94	62	102	6	3	69	17	117	37	56	58	55	87	90	26	117	37	94	3	92	18	89	67	40	53	82	11	107	72	33	123	120	35	15	37	41	108	115	110	47	10	39	71	8	56	62	15	77	48	51	22	97	106	4	68	123	58	31	61	96	67	99	34	58	24	76	75	60	72	81	91	31	7	39	40	50	6	85	88	111	121	114	95	40	21	36	119	112	73	49	31	77	62	58	79	28	116	49	116	89	40	50	7	105	12	120	74	10	12	64	85	94	88	94	42
98	73	85	31	39	29	77	57	19	6	97	79	45	73	101	47	13	16	89	74	9	14	83	70	37	6	74	35	45	95	106	45	112	28	119	104	95	45	59	77	4	70	56	3	91	39	44	119	79	27	4	75	79	57	8	43	31	64	67	4	114	24	83	31	75	115	99	9	68	90	83	105	41	92	21	73	3	102	55	73	110	12	29	24	29	99	84	116	38	91	17	79	31	85	55	40	106	90	118	109	27	99	105	123	123	62	38	59	57	73	22	117	54	35	39	105	95	61	94	107
71	15	113	19	124	95	48	70	73	59	55	72	48	39	116	46	94	69	33	77	6	54	121	85	109	33	7	101	98	110	74	68	89	93	72	91	17	48	62	83	52	96	92	112	4	102	69	54	80	6	71	67	71	98	23	15	121	71	104	49	54	32	89	5	61	13	18	37	113	8	42	37	93	66	30	108	66	25	122	57	120	45	32	87	119	17	107	27	64	59	54	7	63	44	74	56	68	94	75	77	42	10	11	85	125	124	80	81	109	118	8	46	96	97	45	85	57	49	63	5
34	111	50	27	23	35	107	70	58	73	60	122	78	27	104	116	112	74	107	92	14	61	92	118	2	117	34	24	57	83	61	42	93	122	76	32	61	35	120	113	65	79	14	97	37	62	94	9	11	84	14	42	6	17	40	8	11	59	93	47	10	40	96	85	63	118	90	25	67	22	16	19	67	33	101	102	124	44	39	102	79	44	42	70	27	20	72	70	22	76	2	89	97	71	45	101	79	20	35	2	92	50	10	41	68	76	116	74	30	114	42	12	17	81	36	43	73	118	17	19
110	37	32	111	70	93	63	123	44	17	68	82	68	11	13	16	61	58	113	76	38	106	11	51	15	120	58	54	61	102	19	123	24	90	28	10	23	55	80	73	68	88	55	14	84	3	96	4	58	22	97	45	67	48	35	82	60	31	109	28	62	41	79	73	17	4	62	45	20	121	103	45	7	18	42	21	3	77	11	61	108	106	12	68	71	57	58	78	20	100	24	46	33	115	2	87	41	60	82	110	41	23	4	18	23	78	100	21	69	38	111	10	120	109	112	31	43	105	35	58
31	61	85	99	97	3	70	47	78	108	5	43	33	3	86	29	3	15	81	61	107	66	98	123	78	38	90	77	38	18	75	112	16	10	9	82	81	16	101	11	98	75	86	4	93	83	38	17	33	10	65	52	34	20	12	96	108	114	29	109	67	12	72	100	29	25	92	29	20	74	66	75	4	9	62	65	87	102	67	106	11	1	78	57	68	97	51	47	36	16	123	100	120	44	47	79	117	17	64	78	60	38	22	68	40	27	114	11	23	8	22	115	10	45	31	116	27	70	83	116
66	42	94	93	66	92	10	110	99	31	98	45	56	14	69	107	102	36	67	49	5	121	5	10	73	92	60	85	21	65	39	93	21	68	24	19	4	63	48	10	102	86	56	123	109	27	26	90	9	8	117	107	59	123	66	95	71	89	63	108	117	54	76	85	91	41	120	42	110	47	88	121	34	118	54	64	16	61	93	55	102	32	62	88	64	90	6	97	102	92	42	59	63	109	53	2	58	115	90	83	106	9	68	93	64	24	105	55	100	89	117	124	82	33	123	5	17	21	16	61
69	112	83	118	108	15	119	77	32	44	21	69	97	40	77	71	74	113	81	117	46	82	41	64	65	124	44	32	24	77	36	24	3	74	124	101	29	89	64	87	43	40	23	48	88	39	93	117	103	27	54	8	14	74	66	54	112	25	79	73	82	116	38	66	107	66	106	37	56	106	6	76	55	53	122	121	104	61	32	111	38	83	27	98	50	100	33	72	100	120	108	118	35	85	11	108	20	66	120	43	120	63	21	40	6	12	103	31	89	120	93	82	74	10	15	74	103	97	117	26
55	59	96	24	34	65	95	58	11	21	57	7	3	19	63	118	86	73	120	103	98	27	20	98	77	24	4	68	59	12	54	96	82	118	49	108	40	84	90	59	90	110	23	52	107	105	24	75	4	52	27	87	77	34	66	94	50	42	119	72	12	62	28	76	11	108	87	1	81	78	44	93	28	17	60	119	4	38	10	118	90	61	74	101	56	102	38	21	101	119	46	110	50	80	100	4	67	78	4	38	21	43	118	118	75	44	78	116	44	41	94	106	14	40	2	106	51	26	53	76
45	83	27	103	11	102	35	111	48	25	122	50	63	82	35	50	101	123	114	15	66	58	69	92	55	58	50	112	85	122	98	120	37	77	17	32	87	103	18	52	30	48	14	33	73	76	18	78	100	13	13	91	108	112	100	112	82	116	9	108	105	84	89	115	39	70	56	101	10	97	54	123	42	28	84	85	60	81	95	52	52	107	45	64	72	79	36	82	6	4	62	16	80	26	102	105	120	22	38	59	4	60	76	48	100	3	106	57	45	108	24	105	25	47	25	9	28	71	124	99
91	78	75	37	43	47	14	118	108	2	88	28	62	120	57	116	22	53	74	110	45	60	61	111	24	112	70	31	95	114	58	99	83	71	40	25	116	108	60	89	77	8	80	48	34	26	46	89	24	20	121	74	106	48	17	63	50	98	5	118	123	44	77	28	121	49	80	70	101	25	10	29	11	74	71	57	109	48	64	55	31	115	114	18	50	53	91	43	37	88	114	91	110	94	89	25	69	11	90	112	12	2	51	83	121	7	5	20	52	26	107	65	93	85	17	54	1	61	63	110
62	85	15	11	113	47	23	35	96	63	117	118	34	18	20	8	38	79	15	49	50	90	4	124	48	30	42	81	88	95	55	90	14	58	42	5	17	50	67	14	62	96	101	14	35	13	98	20	122	5	55	27	69	78	72	47	29	22	6	57	37	31	38	81	34	26	89	113	73	102	92	64	31	85	34	29	104	47	6	47	25	26	64	10	123	81	60	113	104	32	76	28	60	45	54	82	79	79	22	114	55	116	77	49	59	21	95	63	71	107	85	100	103	114	47	63	62	50	42	35
124	66	40	23	13	88	57	31	114	49	10	105	93	115	16	105	24	123	105	53	49	43	90	8	91	5	64	119	27	67	55	70	1	91	95	102	96	65	10	27	108	96	69	105	20	81	54	86	115	63	34	88	18	114	17	5	12	18	35	13	21	39	96	95	34	2	65	23	121	122	94	95	16	37	36	88	108	92	59	50	67	100	85	106	83	59	89	63	60	44	50	5	4	47	16	18	103	45	48	67	118	25	78	77	47	55	98	104	24	57	11	108	59	77	48	9	87	16	89	29
43	45	122	7	121	13	107	17	15	96	32	83	9	97	50	83	113	28	113	44	78	96	42	117	1	110	105	8	67	110	111	33	8	92	63	2	82	97	58	38	52	75	120	10	56	112	16	69	82	73	36	100	13	106	100	68	67	117	66	14	122	121	78	61	3	109	37	30	109	111	67	88	88	17	35	89	95	29	104	120	121	24	113	7	25	44	89	55	67	122	87	45	30	94	40	62	115	44	93	75	67	72	56	51	50	102	56	39	6	69	119	16	13	37	45	6	16	54	55	22
74	34	45	76	96	88	106	83	10	42	3	62	115	81	64	123	26	62	53	41	92	28	35	69	29	104	46	34	40	121	121	92	38	88	86	111	104	86	10	105	45	69	10	45	58	86	119	76	114	102	76	7	83	47	28	61	48	21	9	25	105	94	73	20	121	107	96	84	15	13	113	17	25	125	42	35	27	115	62	58	42	93	66	19	48	120	78	113	34	31	73	102	108	88	87	36	17	63	108	70	121	48	66	109	61	102	84	6	99	67	12	5	28	103	27	98	20	66	19	123
103	87	39	84	87	121	36	33	120	39	73	111	57	96	14	66	58	41	108	121	9	10	59	85	18	2	69	100	86	38	111	112	93	76	7	31	74	6	112	96	74	25	57	108	57	98	56	5	123	75	41	103	19	26	105	41	55	89	53	13	60	57	56	81	60	61	6	84	7	104	60	84	86	71	60	111	105	55	120	102	28	104	7	3	96	1	9	95	38	15	84	59	69	83	121	42	83	12	26	124	34	32	103	56	65	89	75	48	102	79	53	28	90	92	62	77	35	98	53	74
24	123	101	125	60	27	28	34	4	86	107	57	13	80	7	82	105	59	44	60	114	103	96	40	9	17	16	6	14	31	44	21	93	116	52	1	40	82	52	95	114	24	29	110	92	25	89	76	120	43	79	71	101	51	114	52	90	92	20	115	42	104	52	26	38	121	40	46	22	8	51	50	62	48	105	31	102	31	66	77	1	103	16	118	29	49	120	121	106	43	79	113	121	43	30	15	107	124	115	42	83	94	51	29	48	95	89	41	22	40	77	14	63	2	64	82	64	113	69	15
78	49	31	96	108	49	31	23	75	61	59	9	97	94	123	42	122	34	68	73	20	89	64	49	95	83	107	31	124	11	22	118	97	106	24	118	26	17	87	12	88	115	97	87	120	113	41	84	118	1	10	112	95	30	82	47	49	7	25	34	120	22	45	47	94	42	108	51	101	66	18	78	20	104	36	63	20	65	66	19	65	115	59	21	84	79	71	67	49	73	73	47	5	30	6	93	22	16	61	12	92	76	32	111	43	108	107	68	100	50	90	4	68	81	76	86	99	52	51	57
3	84	81	70	72	90	25	10	65	113	13	106	55	115	79	15	95	124	17	16	58	27	92	42	116	122	67	35	82	9	37	74	100	27	96	52	106	8	96	65	116	51	15	87	54	66	123	10	52	44	73	60	43	9	55	118	94	100	108	104	5	32	118	8	123	100	94	74	12	44	27	6	86	119	36	49	77	66	82	59	20	67	45	98	97	55	72	61	61	87	73	55	101	88	71	81	38	108	78	55	97	23	17	19	87	112	121	89	2	14	73	89	12	15	47	87	106	10	43	77
11	64	58	60	29	85	2	30	28	112	79	110	32	22	81	32	61	112	14	24	70	2	85	66	23	9	61	113	117	114	56	73	123	61	45	96	89	118	74	21	7	15	75	98	54	70	10	118	62	21	104	14	112	17	17	100	61	100	18	52	73	65	2	14	6	63	40	95	9	54	60	59	102	49	73	7	88	106	69	101	40	34	115	70	9	6	7	80	115	98	13	38	22	75	47	24	96	10	118	115	36	13	70	20	123	103	11	35	19	45	111	76	39	101	51	104	18	6	78	108
9	19	54	6	39	56	84	122	90	108	42	15	58	1	72	31	6	40	121	114	89	68	72	38	70	49	34	59	13	27	39	121	5	12	118	76	52	12	109	5	122	23	92	120	87	43	55	30	7	70	39	12	43	114	114	114	59	31	110	3	16	97	6	28	73	84	78	29	103	116	103	64	122	49	79	19	57	57	58	55	114	92	81	16	10	30	42	31	70	118	114	52	44	22	86	110	75	21	57	123	30	120	12	26	91	76	110	32	93	95	18	111	81	120	110	105	106	58	111	125
22	77	103	11	4	99	85	83	21	47	89	35	43	42	64	60	44	72	12	58	122	76	11	76	29	47	108	96	10	76	9	106	121	79	82	13	6	96	93	81	88	30	21	65	56	25	48	27	100	83	67	38	106	18	23	115	105	53	125	44	81	35	98	64	101	121	95	23	26	85	105	24	17	49	29	19	3	72	36	83	59	48	13	97	96	91	89	47	14	61	104	56	69	67	19	119	50	67	32	65	89	123	19	65	42	2	119	103	62	12	106	122	76	22	30	23	59	29	112	17
7	10	60	36	22	65	39	120	125	102	113	21	53	95	65	21	108	125	24	105	90	89	46	51	10	58	78	66	67	54	6	35	61	111	118	9	11	3	9	57	124	107	47	68	100	71	57	3	108	81	21	8	44	85	22	109	37	76	112	44	102	105	79	46	11	91	35	41	3	14	25	74	105	65	27	62	104	109	32	19	64	50	86	71	46	77	40	67	51	90	58	109	105	5	89	53	49	29	2	44	92	69	5	94	75	67	17	29	60	24	63	9	112	121	116	78	59	34	33	78
104	98	91	23	42	35	85	96	40	35	110	119	69	106	13	3	111	73	28	7	56	125	51	20	88	53	30	36	61	114	6	85	93	20	73	54	5	123	80	22	116	45	84	32	6	74	70	17	5	78	44	43	78	36	32	116	66	94	5	107	46	121	32	21	94	15	94	15	66	72	55	104	1	8	114	15	123	83	60	20	63	108	26	15	59	90	33	56	54	73	20	99	121	19	122	72	81	116	78	42	93	60	18	2	7	44	17	40	68	113	116	89	95	125	114	3	114	5	102	50
47	82	31	14	82	96	42	120	81	29	17	66	19	33	47	40	12	51	72	17	26	13	51	37	74	34	35	73	124	69	83	83	13	115	33	15	107	16	102	124	9	91	9	57	120	6	66	29	67	91	73	104	78	70	92	35	71	113	10	18	102	65	53	46	86	60	27	56	98	39	1	2	102	122	99	22	26	90	125	30	8	9	61	103	16	23	106	8	18	46	121	88	35	54	20	90	33	81	94	103	74	119	16	73	3	31	46	119	116	34	86	12	64	116	73	36	48	90	60	124
62	70	98	92	58	5	119	48	36	10	51	117	24	106	78	30	18	35	101	81	96	104	79	119	15	87	64	18	33	43	117	43	111	9	36	60	25	51	57	10	14	18	39	73	68	22	123	121	28	56	38	49	9	58	63	4	46	100	124	68	41	96	66	58	45	111	37	42	14	42	99	68	85	3	46	121	57	65	8	2	67	24	124	92	55	73	106	6	7	6	30	122	16	119	48	4	117	119	118	51	31	20	14	49	21	115	101	122	29	85	83	29	69	42	117	62	28	44	45	64
45	105	24	33	67	120	78	55	109	93	92	57	9	22	96	89	79	71	11	89	4	81	20	16	10	16	6	35	123	110	32	5	115	79	50	87	109	2	106	122	96	14	58	71	26	6	93	3	14	2	57	3	100	30	120	86	17	23	83	94	91	117	105	57	2	68	15	46	82	28	90	9	41	51	46	8	104	5	114	35	85	90	25	21	15	84	74	104	20	108	4	69	3	64	121	83	18	90	111	111	45	85	19	13	34	87	69	9	76	43	121	8	15	24	5	21	78	124	14	41
68	71	6	98	91	61	69	39	93	113	79	75	104	44	67	1	100	125	106	75	13	56	84	106	86	102	84	74	32	117	41	37	18	98	36	59	74	8	80	52	93	42	11	77	46	52	3	79	90	101	111	119	75	78	93	18	62	41	35	118	105	39	116	36	89	95	49	93	77	86	17	116	32	12	115	12	83	18	117	21	62	29	120	113	67	113	9	12	116	92	102	115	18	63	35	72	22	20	4	120	50	104	36	24	45	32	8	101	98	100	59	2	74	21	72	120	5	104	91	32
108	76	122	95	99	31	123	55	88	45	88	101	23	16	80	68	11	6	70	6	34	105	73	60	24	115	47	87	91	5	66	123	36	125	86	70	55	76	26	83	7	32	124	48	81	99	121	80	114	124	30	109	113	103	90	43	7	74	116	20	76	47	37	103	120	108	85	32	36	7	80	87	95	95	97	19	64	11	30	88	40	37	81	104	12	63	59	87	110	108	29	68	118	101	75	7	33	50	93	122	37	104	27	121	71	93	86	17	69	3	74	15	83	35	40	54	1	75	105	12
52	75	120	65	110	40	52	57	71	49	9	83	112	14	2	107	118	71	64	11	117	33	76	69	109	121	8	31	53	39	59	35	62	42	2	27	98	106	81	30	33	83	74	116	6	41	58	59	57	113	35	36	4	2	29	121	103	120	50	19	30	58	109	103	46	46	55	60	117	62	125	116	108	91	114	8	96	79	43	123	88	88	63	116	109	84	98	108	12	29	61	84	100	57	30	50	78	59	116	35	28	6	52	13	75	121	118	37	81	87	85	75	77	112	116	92	40	73	14	100
91	70	53	122	100	79	77	20	10	100	90	65	107	86	77	47	93	28	105	88	95	86	58	3	70	37	76	40	16	114	68	67	88	77	60	91	97	72	52	76	64	109	28	51	54	116	95	34	17	102	9	108	85	71	20	79	32	54	2	82	20	13	27	118	89	100	37	115	42	88	19	82	4	111	19	53	30	115	123	67	57	49	85	35	62	49	70	118	48	87	107	119	104	49	86	79	11	118	41	124	67	40	65	56	92	37	40	63	2	73	2	77	77	88	14	110	27	111	41	81
37	115	34	50	7	101	123	42	67	41	119	78	53	66	10	54	34	60	88	59	15	22	70	23	20	26	82	85	50	20	120	122	17	25	44	24	121	84	115	118	55	10	75	27	63	55	81	86	67	30	86	68	122	38	4	6	93	71	124	56	80	13	51	57	54	14	102	7	121	116	14	61	6	89	8	123	125	66	10	29	8	69	65	20	86	70	19	122	109	95	118	66	66	98	23	115	35	101	32	15	47	59	33	37	54	48	58	3	97	83	54	111	11	24	94	40	80	116	118	89
10	120	18	97	103	10	2	78	112	54	78	67	68	118	28	96	112	62	81	85	69	50	13	3	32	74	30	56	102	72	115	19	122	35	6	59	2	53	47	48	14	120	75	17	67	86	29	96	114	32	63	77	12	91	49	61	24	39	84	121	118	97	63	60	118	119	31	40	41	33	79	116	89	33	88	107	17	108	63	39	112	15	27	125	95	105	78	67	74	104	109	57	28	108	3	39	5	100	10	3	55	31	62	112	119	34	72	61	59	97	15	39	53	62	111	95	62	106	99	67
4	8	28	49	14	26	92	118	97	113	4	11	101	116	36	74	71	101	78	119	95	118	61	81	100	26	92	13	67	3	85	118	21	94	10	93	41	102	106	35	17	33	45	70	25	96	19	121	121	72	29	54	65	24	8	107	96	67	54	46	31	54	41	46	88	39	87	122	92	83	112	87	101	112	41	120	79	88	30	56	83	101	100	37	67	84	7	6	66	74	73	2	48	100	93	88	82	104	107	88	46	10	49	125	82	27	66	122	75	40	15	73	108	20	112	68	4	17	36	68
95	118	69	80	53	90	103	2	41	5	117	7	97	103	20	119	25	109	12	47	75	114	116	53	53	75	11	80	119	56	66	111	47	35	72	120	47	104	63	93	76	120	56	38	48	115	51	60	9	72	11	77	95	26	113	18	80	96	96	10	90	26	104	42	13	71	77	36	17	15	111	19	54	125	34	87	41	124	22	29	2	81	108	59	10	73	50	4	59	103	81	72	26	118	16	89	125	1	71	100	54	57	5	124	116	8	62	77	40	11	43	19	93	68	109	4	113	88	55	34
66	59	7	85	57	74	36	19	32	65	85	2	57	119	120	33	56	68	102	32	114	43	89	61	70	41	18	34	22	83	64	71	98	93	52	88	30	108	70	112	110	104	1	93	13	24	118	86	21	22	64	98	102	89	70	4	54	17	82	116	123	120	116	61	30	83	42	39	19	16	82	125	87	89	65	119	114	99	35	79	77	12	122	85	16	83	121	5	86	39	37	44	63	64	96	109	56	122	59	86	82	40	109	8	73	1	81	16	79	32	37	66	38	100	95	92	61	89	94	19
109	25	93	6	69	97	66	2	17	95	86	105	30	12	55	96	71	31	20	21	19	82	79	75	92	51	79	77	121	41	119	114	68	50	54	95	49	80	48	77	69	76	4	39	5	89	57	103	14	42	15	48	94	36	47	76	36	124	57	48	120	50	22	24	124	26	24	44	97	15	48	19	63	26	43	90	101	18	57	68	77	99	107	94	25	4	102	75	78	101	56	104	22	80	41	101	117	87	50	112	68	50	56	77	7	72	110	10	23	75	30	73	59	111	48	119	41	57	88	109
15	91	93	46	37	40	52	35	28	59	109	18	118	15	94	40	22	100	110	19	123	57	24	85	34	9	9	90	54	19	105	56	35	46	81	59	13	93	89	35	124	109	17	31	92	27	72	14	77	28	104	4	38	109	100	33	89	79	87	105	6	87	42	53	21	21	59	2	103	31	62	25	13	102	22	64	95	54	67	4	110	49	67	123	113	112	12	84	57	62	81	120	44	72	33	62	106	72	45	57	18	94	115	20	110	120	103	75	60	50	14	103	101	58	102	20	57	50	118	114
6	95	50	22	120	120	93	27	77	36	19	116	13	85	50	35	102	15	3	24	33	103	74	13	72	74	43	24	11	21	95	114	56	83	92	58	12	64	43	1	71	123	3	46	7	112	109	99	52	34	54	77	98	95	62	102	6	4	70	22	121	74	113	110	2	76	41	98	98	11	3	69	23	56	73	42	118	107	107	39	113	31	33	115	55	26	52	8	68	88	82	109	123	122	119	33	86	83	50	117	106	77	35	106	111	55	18	89	39	3	89	106	6	62	56	52	103	79	96	46
2	27	45	2	12	63	20	57	113	34	18	42	108	112	74	108	44	122	100	19	65	12	102	86	22	103	43	78	3	6	95	41	50	45	65	65	96	75	99	112	4	51	50	6	80	20	37	77	79	55	109	28	71	124	111	50	73	88	7	83	123	58	102	99	20	37	37	108	47	42	103	65	100	102	32	112	109	4	17	16	44	76	119	94	27	14	125	13	10	102	65	90	14	25	13	13	79	3	62	95	80	36	80	116	48	91	23	57	93	41	93	115	111	75	42	26	107	124	82	89
11	101	98	73	116	21	29	35	67	90	88	78	36	21	122	79	100	6	71	24	7	45	1	101	33	59	25	81	24	80	73	119	96	4	118	13	31	108	105	80	72	50	13	45	93	55	55	21	44	75	3	103	54	89	34	92	67	61	39	108	86	67	124	39	106	112	12	60	113	52	63	119	73	34	96	104	19	69	59	41	33	41	10	12	69	86	81	71	94	21	90	48	61	122	61	45	62	65	121	32	81	75	20	68	114	30	114	4	19	124	18	42	22	23	94	100	77	5	65	112
77	44	71	52	46	59	21	92	111	86	61	111	47	69	28	111	53	97	122	114	11	125	35	13	110	92	84	98	34	98	84	110	51	3	76	90	39	88	26	122	38	31	117	50	1	106	50	55	4	60	5	45	50	71	104	53	116	49	5	7	60	120	34	32	21	30	94	116	48	71	95	85	41	4	58	63	18	71	87	102	11	97	50	101	122	49	45	122	104	99	84	102	23	115	20	12	124	98	43	102	51	19	43	108	15	113	41	73	73	86	66	52	64	19	18	100	38	92	79	50
80	35	91	46	106	80	122	109	27	68	98	46	39	11	87	107	78	58	116	86	42	17	52	23	84	105	25	66	66	23	3	93	56	12	99	107	110	28	74	41	109	125	57	17	53	109	118	92	11	11	123	103	68	28	120	47	95	51	22	18	112	42	17	94	43	94	108	92	115	60	66	59	14	49	64	118	112	31	50	76	19	73	2	46	81	87	62	2	95	98	39	113	47	75	82	43	93	107	28	104	66	42	55	96	77	93	90	102	56	16	45	104	64	105	61	88	96	71	64	76
89	122	15	3	100	26	34	49	7	69	40	60	72	52	8	49	114	48	68	85	95	23	58	107	108	55	60	106	59	68	55	106	20	8	64	112	19	60	120	62	84	71	45	98	104	9	67	85	107	52	51	6	20	11	15	54	80	68	24	27	81	69	124	23	98	58	2	46	81	102	108	56	45	50	25	83	21	57	82	45	55	70	10	12	1	38	70	43	53	55	110	4	104	25	8	114	105	84	44	21	49	101	79	121	70	111	81	60	86	24	67	36	1	87	87	24	92	6	12	22
100	44	57	67	46	36	32	6	53	38	16	95	88	79	118	15	122	101	107	73	75	125	24	14	65	27	113	68	17	53	20	65	64	47	43	42	2	123	119	50	55	63	108	61	21	13	27	13	66	97	41	108	14	80	95	3	91	77	86	42	24	1	120	68	48	24	113	110	79	69	69	15	59	40	8	61	92	86	124	91	54	65	102	62	104	90	40	67	59	10	102	109	107	84	15	16	106	102	89	53	103	105	38	74	85	12	83	95	7	30	3	79	88	62	18	41	75	30	41	102
101	50	87	123	83	41	23	38	87	81	95	43	79	69	71	90	119	43	57	49	100	19	83	50	37	44	92	105	97	100	64	125	21	70	57	60	102	14	48	2	100	80	57	65	73	19	71	104	62	100	31	52	49	35	79	79	84	16	17	97	111	6	94	44	29	30	52	55	122	26	21	103	37	108	25	97	86	67	123	39	44	91	58	14	98	76	34	82	86	112	15	3	37	116	109	43	78	33	15	7	59	100	52	28	50	18	121	84	46	105	68	62	96	97	69	100	76	85	52	56
61	97	43	64	88	52	119	40	16	120	98	83	36	37	74	76	67	12	95	105	94	122	49	50	42	33	117	90	112	14	91	7	112	85	87	97	58	83	92	115	119	67	116	37	32	84	53	11	104	52	15	108	3	77	13	50	3	39	106	70	70	67	50	26	122	78	27	3	93	15	83	35	120	101	64	51	112	108	68	57	5	75	21	114	70	107	27	16	51	80	87	68	6	114	76	35	107	111	5	77	74	92	68	7	77	95	7	83	81	42	3	51	45	80	64	104	76	112	104	63
82	38	40	27	57	61	59	112	55	25	32	104	35	99	43	10	81	43	88	87	23	97	96	54	123	117	10	87	44	93	95	38	69	25	63	96	18	42	117	24	107	117	6	113	16	32	91	15	118	61	36	27	20	13	58	98	33	40	8	120	101	94	14	118	71	95	70	11	72	102	71	4	30	116	122	19	112	46	62	62	120	35	35	70	2	6	109	17	106	119	100	95	57	119	87	117	7	63	10	20	85	74	122	73	49	38	52	39	62	85	100	18	106	78	80	53	61	61	19	105
31	114	19	109	45	75	6	97	104	49	24	52	27	66	119	36	61	9	68	92	26	67	93	87	111	19	79	110	9	122	84	30	16	16	66	118	100	100	22	59	52	73	122	56	96	79	36	5	121	101	57	69	109	40	108	37	2	93	82	73	105	16	23	47	66	51	19	23	22	93	37	77	41	120	61	106	65	9	16	68	44	121	30	94	75	57	42	97	69	96	21	71	120	3	16	119	3	59	36	70	73	77	28	42	73	117	81	28	25	7	69	89	27	122	20	6	74	59	21	100
9	63	103	7	81	36	123	40	48	103	66	58	56	105	38	52	113	45	27	68	19	119	114	62	51	74	41	83	39	53	9	80	12	11	119	64	118	81	23	61	11	52	123	94	43	22	3	90	51	63	7	58	42	121	3	78	114	51	50	70	46	77	34	12	79	115	31	74	98	74	116	75	17	80	112	72	24	58	43	82	95	110	104	114	31	40	106	71	43	96	121	59	26	2	56	6	26	58	10	19	120	2	4	50	58	41	25	8	30	106	42	65	102	22	100	99	57	16	33	20
107	89	20	67	33	118	99	46	114	64	77	49	43	10	20	93	30	106	76	29	83	16	89	35	52	24	53	77	10	51	88	51	33	73	108	113	77	70	40	31	23	58	15	115	7	111	118	43	73	98	86	35	125	16	76	67	17	34	69	83	6	65	81	60	89	3	72	2	120	82	102	67	75	93	36	96	124	55	14	77	87	25	103	78	121	74	39	120	90	56	11	10	87	18	88	118	58	40	100	32	5	62	43	80	75	109	69	76	10	88	124	71	93	65	74	84	124	71	81	62
66	88	27	31	31	44	105	42	48	67	30	16	100	117	30	15	3	63	31	16	116	39	57	25	34	113	41	22	7	77	51	3	46	88	111	54	50	21	116	16	89	111	109	90	45	96	33	64	87	101	91	2	24	123	80	23	14	104	40	99	100	33	88	119	33	51	40	115	54	33	119	87	43	99	40	75	48	93	78	45	110	111	110	33	63	61	3	3	1	101	24	2	121	14	76	14	115	90	121	61	87	26	15	104	24	118	119	3	25	39	48	3	27	78	22	56	11	86	95	81
88	96	50	102	49	86	24	94	48	46	37	87	6	105	56	80	61	101	48	28	74	41	12	58	109	13	102	35	82	45	123	76	82	110	86	110	115	81	67	15	2	92	28	108	18	105	42	2	20	8	93	25	84	40	39	32	93	96	65	59	16	49	56	45	73	72	93	112	37	42	45	93	36	52	101	51	81	27	64	43	17	38	11	109	111	112	98	18	120	87	109	110	113	31	77	38	74	83	92	93	7	42	89	70	120	80	13	80	29	115	25	33	53	35	54	31	98	40	104	99
89	74	108	89	84	7	63	84	111	24	111	81	58	5	122	47	46	9	103	60	76	98	23	39	101	5	102	124	55	34	93	48	6	123	90	33	91	7	117	54	73	77	81	109	46	55	123	52	69	44	50	28	86	37	96	22	122	113	104	120	124	41	48	42	93	106	13	14	10	56	114	95	59	7	112	97	72	63	87	56	60	53	91	32	87	113	23	56	5	121	43	123	64	84	48	111	113	73	20	50	29	70	7	106	7	122	26	40	71	12	52	17	76	123	25	7	72	14	116	17
90	16	61	40	121	118	89	2	52	118	32	82	108	3	36	78	14	43	21	118	8	119	89	38	109	81	14	11	84	110	101	40	114	107	7	76	6	94	5	119	99	9	41	95	5	87	71	73	38	60	9	13	19	52	121	40	100	42	51	97	78	93	85	21	18	66	108	16	59	87	88	117	14	116	90	16	86	75	110	70	110	44	118	107	74	37	117	49	4	5	36	102	59	30	111	32	99	20	57	93	81	63	68	110	102	58	121	72	96	14	101	75	48	15	51	84	71	2	119	16
62	42	86	83	49	11	24	8	5	110	21	22	60	53	79	43	112	15	102	114	60	37	34	2	56	24	49	99	9	27	120	122	83	44	104	88	120	10	30	109	64	96	47	92	68	86	122	95	18	13	31	61	117	71	124	86	35	114	59	102	68	81	67	16	24	3	48	84	117	7	97	36	29	45	41	1	11	120	91	102	1	31	51	117	33	58	22	58	12	89	81	3	93	6	30	57	85	21	58	78	44	87	96	55	115	115	25	122	15	103	27	73	24	112	114	72	2	18	105	86
114	23	33	86	102	37	9	69	44	50	109	33	96	40	43	36	58	92	12	121	112	4	117	117	104	9	125	29	93	115	11	91	119	34	11	64	74	91	67	26	80	30	36	88	16	67	49	30	8	54	25	20	60	14	8	53	74	103	75	11	9	19	34	1	33	61	80	98	117	98	23	66	73	17	85	72	48	31	88	77	92	64	82	52	14	29	56	66	50	115	101	72	50	77	34	77	96	32	92	94	62	2	35	110	54	98	124	89	60	120	119	120	113	58	76	114	16	99	52	14
45	61	103	70	106	120	89	46	46	74	101	51	104	28	118	20	79	121	99	13	100	102	82	61	2	7	108	98	57	100	96	106	82	51	53	11	58	62	115	88	85	122	120	112	118	29	116	119	61	35	54	88	74	38	107	41	6	50	72	21	11	123	43	92	5	101	64	119	19	102	4	12	43	68	41	106	39	111	16	20	106	27	4	101	67	42	35	65	37	5	66	1	109	10	16	46	98	20	47	111	107	63	62	44	21	117	4	9	67	23	118	105	102	93	91	27	50	3	72	2
93	99	48	109	123	38	27	64	36	54	78	108	30	107	109	65	88	47	76	21	114	61	101	31	99	89	77	88	123	90	33	91	10	81	114	92	4	35	89	92	82	94	65	14	71	78	19	37	97	99	71	118	100	24	98	35	110	89	39	41	104	6	39	13	87	28	3	19	22	45	67	95	7	54	32	31	3	73	97	28	92	30	55	5	49	68	26	104	109	81	93	53	109	44	36	104	51	108	64	60	31	105	125	12	113	115	25	90	45	22	104	87	78	48	82	79	84	95	65	40
15	2	110	3	29	24	69	101	108	2	79	50	84	15	46	88	103	72	33	5	30	63	90	125	66	59	105	78	94	117	33	69	14	52	11	91	109	96	77	78	60	24	59	57	89	111	67	88	95	28	113	80	59	96	115	40	27	61	86	19	94	124	115	57	81	97	68	32	46	110	13	9	35	23	6	75	53	116	66	121	9	59	6	122	17	93	21	89	93	38	125	100	98	64	75	41	7	82	114	20	34	20	72	46	32	99	75	110	3	103	25	88	17	36	69	59	108	105	1	121
31	54	31	94	92	8	39	45	20	105	9	12	113	7	28	76	54	29	20	100	103	100	27	89	19	14	96	48	77	15	120	2	53	60	30	90	32	25	21	115	88	80	98	109	124	123	98	90	34	90	103	32	29	75	3	113	70	63	26	73	42	123	9	7	84	66	30	110	90	11	80	57	100	8	36	86	84	112	108	63	91	107	113	56	85	33	65	23	84	62	19	55	84	29	22	61	84	123	24	51	103	37	19	46	55	40	16	3	58	55	103	38	61	50	124	110	55	4	41	73
