N:	80
M:	2
L:	3
p1j:	73	34	70	39	1	70	89	61	41	65	94	2	59	16	25	16	26	6	62	52	60	74	49	14	89	54	49	95	9	2	46	52	88	39	49	9	87	12	54	71	22	67	90	53	76	29	86	57	27	69	95	29	59	71	61	69	64	70	75	11	25	46	3	19	92	19	51	39	84	34	79	86	77	12	2	34	47	40	9	70
p2j:	19	63	87	98	72	90	1	19	45	7	40	48	9	97	69	7	47	18	79	52	42	85	30	37	46	38	41	56	52	85	47	86	88	24	52	15	51	82	42	62	6	36	45	35	2	63	6	97	52	37	96	93	7	72	25	20	39	73	23	68	78	69	46	9	4	59	75	53	91	15	62	64	3	8	41	72	90	27	44	10
vl:	1.2	1	0.8
Conv_l:	1.16	1	0.69
IdleConv_i:	0.05	0.05
pi_i:	66	65
S1jk:
26	16	3	10	41	36	28	36	13	21	30	6	7	29	16	4	28	18	39	44	36	21	4	23	23	23	24	32	38	19	9	29	11	39	50	16	27	10	31	29	18	35	40	48	21	34	33	48	10	33	5	47	39	13	11	38	17	36	43	35	23	6	34	30	23	9	18	24	1	37	12	37	41	11	13	42	28	50	9	17
10	43	8	17	40	22	2	35	45	12	39	38	20	34	38	37	35	14	19	39	8	46	15	13	14	37	33	8	12	27	22	18	39	44	24	20	25	47	6	10	29	5	37	23	21	44	15	7	40	50	4	18	22	49	23	28	45	41	44	9	26	5	5	44	23	3	39	45	27	43	24	7	20	30	39	20	5	41	27	6
37	12	37	7	3	21	38	12	8	39	48	11	19	45	12	43	47	49	29	14	19	39	44	45	17	11	23	12	42	33	10	48	24	41	13	22	44	21	14	44	31	14	47	2	34	44	30	8	4	25	42	22	31	11	14	24	8	48	33	9	12	36	45	31	35	10	27	30	46	4	20	41	22	48	11	14	30	27	5	12
24	42	9	31	22	13	26	33	41	30	36	8	10	8	18	13	30	24	8	14	8	5	45	29	42	36	42	14	31	17	32	41	19	33	14	42	30	33	14	42	31	23	37	14	17	15	5	8	1	39	29	15	6	38	24	40	12	31	39	26	14	32	7	37	47	33	21	14	49	48	24	15	13	43	17	46	21	39	30	13
4	12	17	43	17	49	14	38	33	13	10	2	27	24	27	7	23	29	6	34	33	3	28	2	23	46	9	8	6	39	23	42	16	40	6	31	9	42	47	17	50	19	7	20	15	40	23	45	12	8	21	15	45	21	5	12	19	5	46	42	4	10	30	1	49	8	41	44	17	42	21	19	18	15	39	11	10	29	30	28
1	31	29	11	46	21	17	40	1	42	14	29	13	12	29	13	44	30	12	46	42	42	8	26	48	6	34	44	8	19	21	34	43	45	40	2	30	39	31	7	18	38	31	35	12	20	15	24	49	18	9	9	12	17	21	38	3	2	42	47	42	11	19	28	29	50	10	7	8	30	39	8	41	37	18	50	7	13	33	43
23	18	26	42	28	37	7	16	5	26	23	28	31	11	37	2	16	45	32	5	40	12	39	43	18	43	37	36	29	46	22	32	43	38	32	8	32	30	3	20	44	18	34	25	7	45	4	15	15	32	30	49	17	25	29	23	32	37	30	34	48	26	14	31	50	31	23	36	20	46	42	15	46	20	17	50	12	2	27	4
19	38	35	6	28	36	38	11	47	34	32	27	15	29	18	9	14	17	39	38	20	19	10	48	34	45	30	45	27	15	34	16	8	6	9	17	19	10	29	14	37	21	48	22	19	17	8	15	31	46	36	40	50	43	25	28	24	14	25	4	33	5	12	7	38	26	26	37	3	12	27	41	7	6	46	35	41	2	49	9
18	9	45	15	8	3	19	46	18	16	29	43	29	21	5	33	3	15	15	31	38	48	46	39	37	12	22	23	6	27	13	5	5	27	2	11	21	9	12	19	35	19	19	30	17	11	14	39	17	3	18	25	37	35	45	5	2	21	47	21	36	11	22	40	47	27	31	11	18	2	16	16	23	32	48	34	6	36	10	11
46	28	8	23	25	31	7	6	37	25	7	39	18	43	15	21	42	32	3	47	3	19	16	21	39	41	7	25	27	49	29	47	1	16	9	8	19	24	46	48	16	44	18	23	30	11	1	39	1	49	39	47	40	5	19	22	38	21	38	30	15	35	23	48	47	9	45	8	42	13	16	24	45	44	16	25	35	24	16	27
27	41	44	10	34	5	34	32	10	11	14	50	20	21	23	34	21	10	48	22	25	32	41	34	27	36	30	27	11	17	47	7	4	37	32	15	49	23	45	50	4	46	43	34	46	41	21	41	44	23	8	12	20	50	14	31	21	18	31	37	17	35	30	20	30	18	12	41	49	27	2	48	50	12	30	44	16	32	36	24
29	30	7	47	40	8	36	33	3	44	47	8	13	16	29	32	17	26	30	14	13	39	48	35	38	44	29	25	30	43	6	30	36	44	18	23	15	41	46	21	28	40	40	12	40	46	18	36	38	32	29	16	37	25	43	28	17	5	4	8	46	43	1	22	4	44	40	22	8	37	17	29	32	41	9	6	9	2	45	38
13	33	11	40	28	42	42	13	15	41	19	34	27	30	10	45	8	18	27	27	6	48	29	41	12	15	1	6	19	30	23	5	35	33	8	44	34	42	24	31	39	43	10	26	30	46	13	40	15	41	30	31	47	8	19	3	46	14	28	13	46	31	13	19	10	11	42	50	47	13	32	8	16	29	34	36	34	15	26	46
27	39	40	8	26	41	8	19	41	30	13	25	33	42	34	15	27	16	23	16	16	14	46	27	38	23	49	36	32	7	13	6	34	7	8	42	23	35	10	13	13	45	35	9	36	25	17	48	19	35	44	29	3	42	5	7	30	6	9	7	28	4	27	22	16	17	2	4	42	35	12	5	44	39	17	47	25	40	8	10
18	27	20	11	27	18	39	1	40	10	49	7	20	39	19	19	20	19	21	41	35	24	10	37	19	36	9	22	32	30	1	43	48	34	33	7	42	37	28	44	24	35	4	20	8	9	15	38	28	45	31	29	40	34	40	42	45	39	8	40	40	11	28	45	45	4	13	24	13	16	50	7	38	44	30	49	3	38	2	41
33	21	30	45	33	14	48	16	34	32	19	8	43	23	5	42	43	15	29	41	12	21	43	42	30	46	8	8	28	20	11	47	34	22	49	35	10	7	49	24	2	9	11	29	18	5	23	34	45	49	28	49	21	26	42	33	1	4	23	21	26	35	43	26	48	14	43	2	5	25	30	39	5	47	24	24	49	36	12	29
3	33	2	26	18	20	22	2	31	4	42	16	5	31	43	30	16	28	34	14	46	12	23	39	31	14	14	38	40	34	27	9	27	30	11	33	50	2	39	24	2	3	12	23	4	9	20	32	1	14	42	30	17	41	16	21	25	31	4	30	18	30	29	26	4	42	29	10	13	28	11	3	17	7	31	16	23	12	40	49
46	22	31	16	36	19	25	9	26	36	48	34	12	14	29	28	15	30	27	24	27	4	15	39	16	32	38	37	2	21	3	10	26	21	43	35	47	23	19	10	17	35	14	38	23	6	4	2	45	10	3	3	15	18	21	7	34	35	49	12	5	29	31	36	4	39	34	8	36	1	47	44	6	46	6	20	11	16	16	11
13	9	40	26	41	25	21	23	15	6	42	23	29	6	42	20	2	41	10	45	40	13	27	20	45	3	5	27	6	17	36	2	13	21	14	39	6	36	20	8	20	49	33	16	26	27	5	15	35	39	25	33	8	46	18	38	31	4	31	7	48	28	42	6	14	7	32	4	32	32	6	46	20	24	21	13	24	14	44	32
37	39	17	19	18	37	18	40	27	32	49	23	42	8	26	45	1	43	32	12	12	29	12	21	27	16	32	25	28	48	16	16	42	50	28	47	33	12	33	18	48	25	39	26	46	33	39	19	4	49	20	23	49	4	4	6	16	28	34	47	48	15	5	29	13	50	1	36	25	4	18	31	15	3	9	30	12	6	15	28
2	20	42	33	11	25	48	45	47	21	34	23	1	6	17	11	19	8	43	31	48	29	30	7	8	42	48	6	33	38	27	22	46	24	35	39	9	3	32	8	1	21	4	26	21	45	11	47	29	44	32	27	28	42	29	17	14	15	9	32	11	7	39	26	13	31	27	8	31	11	10	45	49	2	1	10	37	1	28	34
37	13	9	7	45	47	16	15	20	9	24	26	34	5	34	15	32	44	4	29	16	20	19	12	3	24	7	4	22	48	42	27	47	9	49	10	42	4	40	36	38	14	43	33	34	42	41	3	19	33	20	18	40	18	19	22	24	13	39	9	5	46	44	33	21	6	25	18	34	37	4	18	40	8	33	5	44	35	10	9
23	32	19	27	46	38	15	49	42	42	17	19	9	9	34	24	14	27	48	18	40	31	45	33	29	38	9	45	16	40	12	31	42	15	3	10	5	15	42	8	23	27	1	19	47	49	5	4	34	18	44	46	22	2	11	31	26	29	1	21	8	7	6	26	22	19	9	3	2	49	21	37	16	27	23	29	6	37	35	38
25	5	45	38	13	25	38	33	46	19	9	6	18	23	44	6	28	13	17	37	24	32	49	16	16	32	46	40	14	43	45	28	14	43	11	9	12	9	41	20	34	8	33	24	5	38	41	22	2	43	27	37	24	23	6	4	6	16	43	29	19	28	19	23	29	15	35	49	4	34	16	34	32	24	18	20	50	47	16	2
29	21	42	27	6	39	7	10	27	45	29	11	10	15	10	9	49	24	25	6	39	12	3	45	41	30	31	32	48	45	6	50	6	42	48	23	4	8	10	11	1	28	5	16	2	29	40	43	21	28	21	13	39	8	18	8	50	25	50	13	25	45	2	42	49	25	32	11	8	33	4	7	2	47	45	36	10	10	14	47
37	40	9	32	19	10	20	26	8	43	49	18	5	19	6	17	13	17	34	26	31	6	43	42	8	18	4	28	11	10	40	22	11	13	41	28	26	18	19	35	23	25	46	19	20	15	47	38	47	15	49	4	36	2	17	22	37	19	23	46	4	13	33	39	2	3	49	46	31	4	25	22	31	9	11	15	11	35	9	2
31	10	17	29	32	31	35	12	41	9	7	7	7	35	11	10	11	2	49	4	20	8	33	38	28	3	41	24	17	45	45	2	8	17	46	42	31	7	33	24	43	14	14	43	36	44	45	39	43	9	47	38	38	34	37	8	5	48	3	47	10	20	11	19	46	32	14	39	46	23	3	44	6	4	40	22	4	22	38	14
48	27	45	5	28	44	21	20	26	9	38	14	7	21	25	11	30	39	12	7	46	18	24	47	3	44	17	49	22	25	11	11	46	21	37	9	23	40	5	6	6	11	8	35	36	10	24	34	2	3	1	39	24	29	45	45	39	50	35	10	38	37	28	23	18	43	7	23	45	35	8	30	2	25	8	28	14	15	3	15
18	22	26	27	35	7	35	8	48	35	2	11	19	6	1	14	47	36	34	31	27	5	40	23	42	34	15	43	19	41	1	23	47	10	30	9	41	4	31	43	40	11	33	20	26	34	32	35	46	30	47	25	43	48	4	9	11	9	28	25	13	4	32	18	38	21	24	1	50	49	44	45	8	37	12	36	12	35	23	15
28	21	18	44	20	36	11	11	17	5	1	11	31	8	47	13	28	46	39	38	11	32	34	11	42	18	41	20	40	22	7	27	12	21	33	7	29	11	25	17	34	21	6	33	41	41	7	4	44	12	29	8	10	44	24	6	43	40	12	48	18	23	48	22	9	39	4	30	41	42	42	13	31	23	1	36	21	3	22	9
32	27	29	19	14	49	35	23	43	5	27	34	23	15	16	21	30	39	10	28	36	36	50	21	27	6	35	23	44	21	26	14	29	7	18	36	12	45	48	26	35	49	12	18	13	42	10	45	1	27	2	20	36	21	15	17	16	2	18	2	19	43	49	7	31	13	11	33	35	30	5	16	43	35	3	48	18	47	24	40
29	37	24	27	22	28	8	26	44	30	6	25	27	14	22	28	41	17	10	6	27	35	29	13	49	10	15	7	25	25	47	42	13	5	3	6	44	13	39	42	34	9	40	13	9	31	1	38	20	36	25	14	21	33	2	28	15	28	2	15	26	50	39	10	26	41	14	41	3	15	32	38	48	3	16	28	32	33	1	6
17	15	12	36	24	48	35	10	10	38	38	8	50	28	8	19	24	49	11	7	22	14	13	3	13	13	44	12	33	25	15	45	31	7	40	19	19	32	34	28	41	2	37	40	10	28	31	9	48	50	28	27	34	45	11	34	20	45	2	20	13	7	48	9	21	43	39	35	2	48	21	20	35	34	13	34	42	46	8	38
31	16	12	32	27	1	5	8	22	30	11	19	26	28	25	8	21	12	11	16	29	4	3	28	46	21	3	12	39	12	28	41	34	14	36	40	20	13	19	48	4	46	18	9	15	17	32	47	46	20	27	26	43	42	36	21	7	46	19	39	10	36	42	15	34	29	47	27	7	44	20	47	47	46	26	32	49	3	6	49
27	15	13	18	21	7	46	22	40	12	49	32	2	15	33	37	37	43	30	46	44	5	14	15	44	50	22	3	23	34	11	13	44	47	37	16	8	13	3	45	39	13	9	7	37	8	24	45	7	14	6	34	10	20	31	49	19	39	21	33	14	33	42	17	37	22	47	5	24	36	24	34	11	43	42	18	3	25	9	20
17	20	11	3	42	48	8	10	40	27	28	25	14	4	30	50	42	36	39	25	25	1	22	11	4	38	29	15	45	48	34	33	17	50	36	22	10	4	27	43	26	17	30	34	42	16	47	7	36	45	11	2	29	14	16	5	12	44	15	11	28	7	12	17	22	34	18	8	9	12	11	45	11	27	12	22	11	41	20	41
11	14	11	15	20	5	29	11	3	5	31	38	13	4	3	43	10	40	26	46	43	32	4	9	23	38	1	13	35	43	3	9	20	39	43	30	23	39	18	39	25	29	23	44	42	4	25	4	43	39	14	41	42	44	26	44	49	32	41	34	16	37	39	7	42	31	28	24	47	16	15	3	24	9	28	31	7	40	38	38
16	32	11	23	45	17	3	2	21	32	50	18	41	10	47	20	13	21	21	48	7	27	46	2	46	43	49	36	43	31	3	48	28	15	3	3	31	20	37	31	20	25	45	12	50	32	29	37	6	45	22	46	31	11	36	4	4	46	16	9	41	13	5	27	7	7	11	27	49	8	3	35	15	26	7	14	44	38	40	43
50	42	24	5	45	3	28	40	26	33	36	16	19	27	15	21	32	6	34	49	1	15	3	17	41	38	39	36	35	6	17	46	20	9	14	31	15	4	9	7	12	26	12	45	48	10	23	4	10	16	30	18	16	30	49	28	49	4	8	46	26	22	3	14	27	20	15	20	10	8	17	6	43	26	30	19	33	28	44	31
28	47	41	20	5	13	48	33	24	45	15	46	38	6	35	29	21	25	19	34	18	18	7	14	4	45	27	40	39	37	36	21	9	15	21	2	38	22	29	42	31	29	23	18	39	12	43	40	43	39	46	34	33	35	29	48	24	19	49	44	47	20	22	35	46	33	16	9	41	8	35	48	2	5	23	13	36	34	4	19
34	38	8	23	30	22	35	15	23	37	29	10	16	22	34	5	16	46	40	36	38	20	26	28	9	16	31	10	7	43	22	19	17	44	28	23	1	40	15	14	23	4	50	27	4	41	49	27	31	36	48	37	39	44	30	45	28	7	8	7	32	26	34	39	43	28	19	24	30	2	7	8	33	15	8	22	28	19	27	35
31	35	35	8	22	3	46	46	5	23	50	10	39	42	37	24	32	46	14	25	46	40	44	34	48	15	9	28	46	32	26	21	47	12	33	8	40	5	49	35	12	24	6	29	18	37	40	14	20	20	28	11	32	8	5	13	3	4	24	35	2	26	36	40	26	7	2	26	16	11	12	36	15	24	3	29	4	16	17	14
3	20	24	22	21	43	13	18	49	40	43	18	15	25	8	19	24	6	20	7	39	25	12	5	44	32	43	29	18	41	28	8	26	2	36	37	23	27	35	8	47	29	36	13	2	45	33	6	22	36	3	42	31	21	37	35	30	7	29	27	7	44	19	37	39	31	15	43	29	26	6	39	31	4	18	19	20	38	8	15
36	21	36	19	33	7	1	49	7	49	5	42	37	23	34	13	2	39	28	26	22	45	46	3	17	44	32	13	39	5	3	19	38	15	38	6	40	24	8	47	29	4	26	45	37	27	22	48	20	14	11	7	38	48	9	9	4	38	49	38	44	22	49	38	43	6	25	2	18	19	2	25	21	14	29	2	21	47	6	33
41	44	9	25	6	9	18	42	12	46	41	47	4	25	29	22	32	26	48	19	16	6	33	33	36	26	5	49	26	50	9	32	26	42	33	13	35	24	22	24	29	35	27	29	2	32	26	39	17	2	41	21	15	5	15	19	21	33	5	8	9	35	50	3	35	19	20	50	45	39	29	1	34	12	30	5	12	36	10	3
18	40	14	12	39	9	48	32	2	28	30	4	10	11	13	10	3	33	11	48	17	10	45	1	3	49	10	32	44	25	18	13	30	45	34	30	29	35	29	27	38	4	39	29	31	34	4	32	21	15	1	24	31	33	45	37	28	48	34	27	39	9	11	19	31	30	19	26	40	5	48	35	14	46	39	49	13	14	47	12
42	16	14	42	13	36	21	5	40	24	16	23	16	8	35	22	20	35	14	28	35	45	42	34	28	14	37	19	35	24	37	22	50	42	43	14	38	27	9	30	8	42	32	24	39	6	4	24	35	19	1	11	6	35	24	28	34	20	7	28	46	22	27	36	3	33	46	24	30	4	35	6	11	31	21	33	48	31	4	41
13	41	24	12	15	21	36	1	46	40	20	46	8	47	49	48	22	25	14	13	5	12	25	31	37	21	5	28	5	12	14	14	25	4	41	33	4	39	15	45	42	36	41	14	19	14	41	28	3	37	15	20	24	24	28	40	40	9	35	37	50	8	13	48	30	47	38	26	46	13	20	47	8	45	34	35	24	3	33	45
33	46	28	23	27	46	21	5	46	18	32	46	26	31	10	38	4	11	27	39	35	8	46	28	8	7	6	29	5	38	13	28	47	13	15	34	47	19	34	28	23	39	34	44	5	39	30	43	6	35	16	25	30	28	13	37	13	3	20	33	29	39	24	45	30	6	4	47	30	36	47	9	30	46	26	7	45	3	46	32
47	37	4	29	23	30	27	3	21	34	25	17	20	2	30	16	38	22	24	24	28	32	31	31	25	18	13	11	15	31	13	49	31	39	20	23	25	29	39	31	4	46	23	2	16	49	10	26	17	34	35	15	45	13	22	48	50	50	43	7	17	50	36	10	31	41	5	31	32	15	27	9	10	20	26	36	20	21	28	7
48	2	38	18	27	35	35	23	46	25	29	46	41	38	49	37	24	10	40	49	24	12	16	34	11	18	14	13	47	47	13	26	48	39	34	27	41	43	38	22	17	43	36	11	35	18	15	4	49	18	27	15	36	17	3	22	18	37	18	11	24	39	8	40	28	19	47	31	1	43	15	27	46	7	12	26	32	47	20	45
42	45	48	11	30	15	41	6	44	4	15	24	24	37	24	17	31	38	34	26	26	21	29	36	26	41	12	1	45	13	47	12	41	3	43	40	7	45	3	41	37	36	42	44	41	43	43	2	21	5	39	7	4	15	23	8	24	34	49	6	28	5	4	7	8	28	41	4	23	49	16	10	4	29	4	41	27	18	28	48
49	37	42	35	9	23	8	42	48	26	4	11	46	13	10	34	47	9	25	22	13	11	47	21	24	26	12	14	22	42	21	31	2	15	45	19	16	17	40	23	45	30	1	33	3	9	38	47	29	1	27	15	44	48	19	7	36	2	17	9	15	38	46	16	28	10	10	19	17	31	9	31	10	26	8	10	27	37	44	31
46	21	48	36	40	22	16	36	7	2	36	33	9	35	15	26	24	39	1	41	10	47	15	34	4	41	22	35	37	42	12	1	9	27	9	24	14	8	32	1	22	25	14	41	6	11	21	20	17	28	13	14	37	40	21	4	27	23	41	3	32	27	2	15	22	33	5	9	20	24	43	23	40	18	42	47	29	10	44	34
13	22	41	30	8	11	5	18	33	40	45	10	17	26	18	49	14	19	6	39	27	49	50	48	4	42	17	41	28	12	4	41	16	5	16	27	32	6	17	2	37	13	10	15	14	8	6	47	8	29	36	43	9	12	31	28	12	14	31	26	31	33	32	10	4	32	19	34	40	50	23	38	26	30	37	45	46	25	5	21
5	15	40	19	26	28	11	26	14	36	30	24	20	47	29	34	40	48	22	3	1	24	15	8	30	50	33	7	45	46	12	43	6	50	9	25	9	30	12	6	35	14	45	34	9	39	32	4	12	31	15	1	41	5	6	50	6	28	25	14	38	47	34	8	3	23	5	40	5	26	28	14	34	18	24	10	35	8	1	4
7	40	37	39	40	32	41	2	9	21	24	38	8	7	40	11	40	32	26	16	27	33	22	45	2	25	23	13	3	25	4	26	31	16	29	34	43	18	1	38	25	34	17	36	23	32	18	22	30	14	11	12	17	24	11	10	17	14	2	8	10	40	5	42	7	30	20	4	6	20	14	23	50	30	19	6	37	41	32	23
29	38	37	10	22	46	10	48	49	35	4	2	5	16	4	45	14	22	24	31	32	3	43	26	21	27	21	17	6	22	17	21	42	42	39	10	27	8	27	17	22	36	16	21	13	24	32	33	25	31	29	15	47	18	43	11	28	29	8	26	33	16	24	21	38	23	27	38	34	43	1	42	37	19	12	32	11	12	46	43
40	15	22	30	3	11	24	48	39	24	38	15	37	1	12	49	30	33	8	31	8	19	33	10	29	28	4	6	40	41	40	4	19	11	46	46	31	9	28	29	42	7	49	45	35	3	9	1	6	24	8	13	23	38	5	21	32	17	2	24	19	39	2	47	47	28	5	38	10	41	15	2	10	23	30	47	18	24	41	37
46	45	42	11	25	49	23	27	44	24	6	29	40	34	32	44	22	16	22	11	7	33	9	17	33	44	10	21	19	43	35	48	19	31	11	47	30	20	37	34	34	6	3	35	28	45	13	5	13	3	46	2	8	36	4	30	19	30	28	48	18	20	39	6	29	16	41	11	16	26	28	29	27	41	15	25	28	22	16	41
12	40	45	41	44	34	31	48	4	31	43	21	37	38	21	29	36	33	21	37	10	12	42	14	8	36	44	8	47	21	24	2	35	43	32	35	3	47	26	15	26	44	2	42	38	4	38	10	6	6	11	15	3	11	38	42	44	41	27	38	44	41	38	44	17	36	49	42	21	48	1	45	35	13	3	40	3	49	10	36
14	33	17	23	14	10	13	29	6	43	3	38	7	46	33	26	33	40	32	3	4	1	46	37	39	35	35	11	18	18	19	45	39	21	8	45	50	29	38	20	46	2	19	28	34	1	18	49	44	3	24	12	39	16	5	36	39	17	18	25	49	2	28	8	26	47	39	15	21	9	21	40	15	5	5	27	48	3	50	29
14	10	30	34	14	2	22	28	33	32	13	49	19	7	21	33	38	3	48	7	22	40	9	27	42	5	24	38	2	6	40	29	9	28	40	12	15	31	21	1	9	39	49	22	32	24	40	44	20	36	44	6	36	41	4	20	48	3	48	50	40	12	48	3	44	49	3	30	23	3	27	37	36	1	3	24	22	7	10	46
33	24	17	35	23	37	19	29	3	1	44	37	45	20	7	10	41	22	10	24	39	9	19	37	11	26	10	25	49	5	38	4	38	23	8	46	43	3	18	13	1	28	2	4	13	35	46	24	49	3	44	10	44	10	49	47	10	13	5	29	7	29	27	16	33	17	6	3	24	48	10	15	48	49	24	16	34	38	30	12
24	30	25	47	26	1	47	14	9	30	47	38	40	48	41	45	6	47	42	47	18	40	13	32	25	2	31	47	25	14	10	8	33	26	3	12	43	44	43	28	36	14	43	13	8	8	15	17	33	36	15	22	9	30	32	8	34	33	11	3	34	12	44	18	20	30	11	19	14	13	11	39	6	47	44	33	31	11	25	48
33	48	43	34	18	42	9	20	14	41	9	48	38	15	46	17	2	4	41	5	45	9	3	27	24	38	39	6	20	43	42	12	13	41	34	41	45	38	5	11	17	12	20	35	14	18	45	5	28	48	36	19	42	48	47	3	14	23	26	20	23	40	8	6	3	27	44	42	5	26	15	15	41	5	25	11	32	42	19	42
26	21	20	37	19	28	46	9	27	16	40	37	6	15	3	7	44	47	44	41	13	14	34	33	30	14	43	23	10	37	47	8	34	16	42	39	11	18	18	42	27	35	33	12	9	28	38	22	2	44	20	40	9	43	15	44	12	35	47	46	15	1	14	9	17	19	45	21	21	28	11	9	22	30	35	15	32	26	11	31
43	1	45	40	1	29	13	38	7	29	12	37	36	7	27	12	22	27	7	35	31	24	34	7	11	47	45	42	18	7	10	14	33	30	31	30	18	43	9	38	30	28	5	19	27	42	39	29	31	24	26	2	45	27	43	12	45	29	8	10	18	10	33	13	45	32	30	33	31	27	14	9	19	29	26	22	41	4	38	28
6	4	37	27	29	43	35	14	34	34	20	28	16	32	41	28	8	26	44	48	24	19	15	48	9	2	21	14	15	43	36	14	19	15	16	39	22	37	32	32	26	13	35	32	19	14	1	23	47	25	36	45	32	28	13	22	15	49	43	25	44	21	10	33	18	12	14	11	13	3	28	49	33	45	9	6	27	20	23	47
22	18	1	44	6	27	41	11	28	5	35	43	21	7	38	14	20	17	45	12	16	35	27	25	13	28	23	36	13	32	19	28	25	28	1	29	16	41	30	25	13	9	38	26	10	38	29	30	25	2	43	32	14	17	33	41	21	47	13	39	44	38	31	31	16	18	36	16	34	26	49	36	50	50	28	18	42	31	27	42
38	8	23	1	42	45	17	25	17	10	28	27	2	15	7	1	46	22	10	5	13	5	8	8	24	39	42	19	14	49	43	40	29	20	40	27	36	39	49	3	5	34	12	9	5	29	45	40	35	15	33	1	19	16	48	21	16	25	5	19	17	38	10	26	11	11	9	3	2	38	46	7	29	21	5	43	43	34	37	7
14	15	27	19	1	25	9	38	48	8	38	2	31	19	11	4	12	16	1	2	16	36	5	16	48	27	47	25	32	12	30	35	45	8	26	17	36	45	26	37	25	13	46	23	10	20	13	42	42	45	3	30	4	33	27	47	15	14	20	33	14	13	12	8	45	19	21	12	19	5	16	6	19	29	31	48	18	10	35	32
39	45	43	32	48	15	5	4	14	36	44	24	33	46	16	2	24	13	35	35	45	43	20	21	22	24	7	30	41	3	34	18	17	46	2	12	12	43	28	48	34	22	9	27	48	40	33	17	27	31	6	38	9	31	32	35	21	33	29	33	24	11	19	32	26	21	5	6	16	45	44	31	12	29	11	15	37	50	43	23
1	29	13	37	8	39	19	39	6	10	33	11	47	48	37	43	34	13	17	22	28	11	5	42	38	38	31	6	12	41	50	40	34	46	5	30	13	31	36	11	21	4	28	48	39	24	37	9	17	11	16	46	8	21	16	23	44	3	9	40	21	2	21	16	16	38	25	19	28	39	47	49	39	19	5	22	42	26	49	45
50	23	29	4	29	25	12	39	22	42	33	45	28	5	18	50	1	48	42	8	46	25	17	30	28	50	18	34	26	31	27	27	1	10	39	33	48	33	27	11	10	35	29	13	25	41	2	24	50	18	26	26	23	16	7	7	22	10	4	16	6	19	34	35	3	45	7	41	34	42	16	16	8	18	21	14	10	13	7	2
31	6	32	33	15	36	2	5	8	30	7	29	33	36	12	29	42	42	40	9	15	40	24	10	44	12	34	26	16	49	28	32	11	26	2	14	40	3	14	15	31	10	48	47	15	26	38	9	46	28	10	29	5	36	18	7	32	37	17	46	26	20	32	11	39	17	47	41	44	37	7	16	15	7	16	33	18	33	8	5
12	1	32	30	34	41	34	31	40	20	10	10	14	33	40	22	25	19	22	44	30	46	45	9	19	35	28	8	43	41	28	37	4	11	21	21	46	44	43	16	4	3	2	46	36	5	39	30	32	48	15	35	4	30	27	48	7	25	10	34	37	46	6	15	43	24	8	27	20	48	33	22	45	29	19	49	43	2	15	13
30	35	16	19	20	13	17	19	10	39	39	10	9	5	23	6	13	40	16	1	20	47	16	45	43	29	24	32	16	38	40	8	1	43	4	37	48	39	9	19	11	21	48	10	2	48	24	12	39	3	37	50	31	50	3	19	19	49	41	41	14	43	11	28	30	36	30	2	41	39	6	46	11	4	28	36	5	12	1	34
34	10	34	35	2	39	25	22	31	7	32	10	41	16	30	16	14	4	22	35	31	41	32	11	32	17	26	32	45	4	34	49	39	23	13	32	49	4	13	11	26	49	14	2	48	20	17	41	13	47	24	50	42	42	19	19	15	46	46	22	45	44	50	10	10	36	49	15	45	20	9	26	41	13	48	30	7	5	13	30
16	6	12	21	26	5	15	8	23	10	31	32	7	14	33	3	27	20	6	11	17	3	23	33	34	27	9	9	40	1	36	16	36	37	41	32	38	45	33	5	29	40	12	9	20	30	12	40	41	20	17	34	48	41	45	43	36	44	29	36	2	47	4	35	42	44	3	22	26	14	11	49	19	30	36	40	29	15	15	4
S2jk:
42	36	48	49	4	21	32	48	2	24	37	21	34	8	37	19	42	6	40	49	45	31	23	45	31	14	31	24	35	22	3	49	11	27	28	22	19	17	3	33	17	12	33	14	29	18	21	41	37	39	24	19	29	6	15	36	26	9	46	26	28	14	8	25	34	20	6	49	40	8	26	31	27	25	39	15	2	2	42	16
23	31	47	4	42	4	22	49	48	15	7	47	47	47	5	29	13	29	10	38	38	22	48	46	48	36	15	44	41	19	27	33	32	11	30	9	14	35	12	35	6	5	28	24	9	14	45	41	35	27	10	13	28	41	22	19	32	41	35	12	32	7	16	5	1	8	31	15	24	16	46	24	41	16	8	3	40	14	43	24
11	13	14	34	20	4	2	9	7	8	49	18	41	28	17	27	35	47	34	41	48	30	5	11	13	43	33	43	8	9	17	23	3	18	48	1	47	19	39	35	15	11	33	18	50	14	6	12	12	37	33	32	19	18	36	30	4	16	35	19	25	31	30	21	12	21	6	37	31	28	29	6	25	45	13	26	11	49	50	36
4	25	28	24	27	37	30	34	27	44	27	17	9	10	2	7	31	27	25	8	38	28	20	14	3	20	16	39	19	43	40	31	2	6	43	44	27	35	46	9	11	18	24	5	16	40	5	27	32	1	5	3	35	34	4	28	34	36	22	33	25	31	10	6	37	24	16	19	40	16	20	37	23	19	32	23	19	3	35	3
32	28	24	22	23	12	16	3	3	27	4	13	33	4	49	24	41	43	50	11	27	43	43	50	44	13	1	5	5	18	39	30	3	47	3	6	7	12	32	12	30	18	19	29	13	9	16	2	3	19	4	45	7	21	26	20	25	2	14	14	14	14	46	40	5	38	13	19	18	33	19	42	35	4	32	13	39	32	37	20
28	31	43	41	38	44	5	14	36	18	29	34	44	40	42	21	12	7	32	34	20	26	8	37	29	5	48	2	8	5	5	31	14	44	47	17	26	46	43	26	23	41	8	28	41	32	27	4	42	31	15	35	23	32	7	44	28	4	12	6	22	46	15	36	33	12	13	16	4	49	1	35	18	33	21	48	40	24	7	44
37	13	40	45	24	18	44	6	28	39	15	46	30	1	49	32	31	36	16	16	29	15	48	28	41	19	20	47	2	9	36	25	24	12	38	26	21	39	4	33	43	24	6	8	15	32	23	17	13	24	12	19	8	9	39	47	10	24	12	30	24	42	47	15	22	48	24	10	14	29	46	44	34	9	38	38	8	45	19	22
47	11	38	17	37	10	24	38	39	37	5	4	30	18	7	23	31	33	42	5	24	38	28	13	19	18	36	10	45	45	29	6	46	2	45	9	18	46	9	47	21	45	47	22	1	23	19	33	27	4	4	35	47	28	12	26	25	14	6	24	8	21	39	36	8	41	30	13	25	50	22	36	41	29	38	31	34	2	1	8
39	38	41	20	19	6	20	35	23	46	20	29	27	29	5	26	28	29	1	17	4	42	44	37	34	14	27	10	16	14	17	29	18	29	32	31	1	26	7	3	50	47	47	48	18	10	4	21	39	43	39	32	43	46	40	38	13	35	43	9	7	47	42	12	46	27	17	19	27	6	37	46	41	7	46	5	6	4	3	15
37	14	41	36	45	20	26	39	38	23	28	23	10	22	7	39	28	25	47	47	44	25	23	44	38	41	27	42	5	28	37	33	25	11	12	9	44	32	27	31	23	46	12	3	24	32	40	44	50	41	23	27	28	30	47	3	40	41	34	7	37	47	1	27	31	34	22	11	40	11	37	8	40	12	41	39	1	36	30	10
38	24	1	28	5	25	16	43	2	48	47	5	26	45	10	19	21	8	35	10	8	17	16	30	36	13	28	17	1	11	42	6	30	16	26	32	37	24	41	48	30	39	41	16	10	48	22	2	9	11	30	23	41	16	36	49	12	10	2	42	41	5	9	23	6	46	35	19	30	12	9	8	36	30	22	23	45	44	24	35
6	34	9	28	44	31	6	36	12	25	8	4	14	47	13	3	40	33	34	47	16	34	27	17	29	10	9	28	24	12	40	6	37	22	33	43	45	43	49	33	24	7	19	26	50	8	6	10	36	21	44	44	14	21	42	18	46	46	22	33	22	49	37	22	8	20	50	34	34	26	20	50	8	27	19	40	11	42	24	48
25	3	38	2	45	45	6	4	26	23	27	29	21	5	30	47	46	34	13	29	48	3	12	5	8	10	47	38	50	36	3	35	44	31	41	24	44	40	42	19	15	19	7	20	43	24	44	47	5	3	21	15	15	37	42	7	45	29	21	3	30	48	30	47	29	26	17	16	5	19	21	9	7	10	14	49	34	33	31	7
41	3	40	41	10	34	13	12	42	46	20	32	24	49	48	18	36	37	26	28	23	5	8	11	40	34	48	5	6	47	18	36	17	32	12	39	32	11	21	10	45	9	32	44	49	22	13	34	25	31	16	20	13	2	26	25	19	19	48	25	46	24	36	24	43	37	25	2	5	22	8	22	12	25	33	34	10	43	19	18
22	19	3	38	28	5	40	50	7	12	7	26	17	44	31	49	17	3	4	5	35	9	41	11	16	5	19	25	20	39	19	5	20	40	5	30	26	48	42	45	19	34	4	47	29	25	3	46	34	44	48	23	3	4	13	39	41	12	48	6	21	7	14	10	24	14	45	5	1	42	29	10	40	15	1	9	47	11	38	11
26	22	15	48	39	41	46	31	13	20	23	37	26	48	11	41	40	1	20	6	41	40	43	25	36	29	7	9	22	42	6	16	8	36	8	20	21	35	43	25	2	31	30	36	28	8	17	49	29	30	6	14	31	36	4	23	17	34	34	24	23	50	14	48	40	4	12	14	15	26	41	24	40	12	4	22	11	25	32	13
20	14	37	6	50	5	41	6	9	25	14	27	39	46	34	8	29	39	44	10	32	45	22	33	32	44	24	31	39	6	3	17	44	30	36	16	43	38	27	29	47	41	18	48	10	26	21	46	23	17	12	48	30	2	7	27	47	12	35	41	25	38	16	45	39	42	29	28	27	38	37	30	41	33	9	11	42	26	19	43
33	19	13	18	28	40	37	45	24	49	44	17	31	29	10	47	8	42	15	37	1	28	50	34	10	24	14	40	3	47	45	47	19	37	4	43	29	21	37	9	2	6	16	26	13	11	42	31	35	45	33	11	15	30	3	20	35	47	15	38	19	11	8	24	41	39	49	34	23	7	41	4	45	45	22	9	41	33	11	6
6	6	27	1	39	19	38	11	11	50	26	42	37	37	28	15	48	16	12	39	10	6	7	40	46	49	49	3	18	10	39	36	39	5	50	3	44	32	11	32	25	24	8	40	29	15	32	8	49	9	38	42	32	33	4	10	23	36	25	27	20	27	3	21	40	30	24	19	46	12	3	7	20	30	48	11	14	9	28	11
23	32	37	32	23	3	40	43	14	28	42	35	47	49	15	34	47	38	29	28	35	10	35	31	37	17	28	46	27	28	38	8	40	47	30	46	22	41	16	3	23	7	37	34	16	6	28	8	15	8	35	45	48	16	40	33	50	6	27	39	43	4	27	29	11	37	40	26	46	50	42	42	41	29	17	20	13	17	20	4
7	44	29	37	19	42	36	48	49	14	3	42	49	33	25	38	12	35	44	20	7	21	45	49	40	8	35	42	20	23	21	27	44	36	49	26	36	8	12	35	36	6	32	36	41	9	24	41	28	25	39	7	38	38	33	30	16	13	10	22	1	37	22	28	41	46	33	33	48	32	5	20	44	29	6	46	2	3	4	36
42	39	25	13	4	8	38	12	16	21	17	39	18	28	49	39	9	7	28	35	37	47	38	23	16	3	23	47	30	14	21	21	6	43	21	17	28	16	41	11	48	22	49	28	44	38	20	27	38	7	45	12	13	12	21	25	15	3	50	49	19	21	46	25	13	38	26	41	6	4	47	48	37	12	19	15	19	38	32	15
45	5	48	44	38	28	47	48	21	41	13	25	34	50	37	34	28	16	3	11	18	33	2	46	32	37	42	35	49	47	43	17	23	40	42	47	29	26	38	39	43	15	42	9	43	38	5	37	2	43	27	7	23	5	34	17	7	16	41	34	39	36	2	28	46	18	9	29	18	31	18	41	39	14	2	32	21	32	43	4
39	14	19	37	24	4	27	9	35	29	20	15	43	32	18	19	43	11	16	12	7	27	6	33	49	22	8	31	36	9	21	8	26	36	43	13	32	25	8	30	6	44	14	45	41	4	3	31	2	25	14	35	28	23	19	42	23	46	47	4	10	32	39	32	30	14	18	9	38	22	32	22	33	45	45	45	24	42	6	35
41	26	15	12	42	13	39	26	49	24	5	44	18	13	28	2	44	37	48	27	18	11	10	13	23	38	49	2	20	19	43	30	4	27	5	5	49	23	13	36	35	38	45	21	16	5	16	9	25	35	27	28	12	37	48	28	21	11	19	27	36	45	37	3	46	30	38	6	2	18	26	36	29	21	38	21	34	37	24	27
5	4	16	45	44	1	34	14	10	39	46	20	42	42	39	5	48	44	31	30	4	9	38	26	35	12	45	13	46	38	4	43	45	13	44	9	28	37	26	39	21	49	8	19	43	30	32	40	49	24	3	49	35	20	33	9	31	8	26	22	16	41	13	27	7	28	5	47	24	21	44	21	19	19	10	2	8	4	1	47
31	5	19	20	6	36	29	11	46	48	30	39	37	15	39	24	43	25	31	40	13	40	27	26	6	14	29	34	6	48	18	36	41	7	16	49	46	49	39	47	2	18	49	20	28	11	9	47	20	11	24	20	14	37	44	44	25	44	36	33	48	25	46	25	14	45	7	43	21	3	44	28	32	25	45	3	35	24	42	41
46	38	35	28	31	34	24	20	41	40	4	43	7	24	44	42	16	4	16	8	36	40	37	7	29	4	8	2	4	32	6	19	29	38	22	31	25	19	26	7	34	22	35	4	5	23	36	21	24	49	45	37	12	11	20	1	7	30	16	14	29	31	18	9	40	38	35	2	17	17	44	32	18	22	42	44	39	18	17	45
46	14	33	36	9	38	23	19	21	13	22	23	37	10	13	44	42	47	10	19	42	41	29	34	41	47	46	42	19	5	11	32	22	10	44	15	34	5	44	24	20	5	48	40	33	47	26	44	46	42	29	21	13	40	7	37	50	26	12	9	7	10	25	31	39	18	31	15	44	3	41	17	10	43	38	17	45	48	14	4
46	50	28	43	16	30	22	17	44	24	2	18	39	48	2	32	39	4	37	33	21	41	25	4	49	37	31	25	49	29	12	47	41	45	42	26	43	27	34	46	45	3	16	31	19	49	9	32	18	25	45	10	44	3	22	49	46	23	4	47	43	4	24	4	36	17	18	7	44	24	2	10	22	12	27	46	17	15	23	30
49	42	33	21	50	19	14	31	15	48	18	32	33	14	5	30	9	9	43	47	12	38	13	16	25	42	11	29	15	36	25	47	18	50	48	41	11	36	16	41	8	14	7	48	16	3	43	42	11	32	22	13	28	37	18	45	40	32	40	8	12	17	46	3	28	23	41	23	15	27	3	5	30	35	31	45	35	19	49	36
34	15	17	16	15	35	30	2	16	21	13	46	5	6	9	31	32	25	36	42	19	14	37	26	4	32	44	23	35	14	29	8	42	23	34	8	7	14	12	9	42	15	43	8	19	33	48	29	37	36	38	24	20	22	29	10	3	14	1	20	11	4	17	37	39	18	30	26	48	46	25	35	24	18	15	12	50	42	28	41
12	20	15	34	11	43	37	18	20	45	46	11	8	50	4	5	35	10	31	36	48	8	13	5	47	44	3	23	19	16	42	48	19	33	19	12	42	2	12	18	24	25	2	25	18	33	17	33	9	47	18	41	35	9	48	36	46	35	11	4	34	6	24	35	25	48	20	33	49	36	41	18	12	31	14	19	20	50	2	39
13	30	7	5	29	20	13	21	39	25	21	11	8	12	5	18	48	9	17	18	11	31	30	47	37	7	28	8	9	17	8	13	33	33	35	33	29	25	10	10	19	20	29	41	17	50	37	32	44	8	46	44	41	49	18	2	4	28	43	25	25	1	43	40	48	30	49	42	8	2	20	37	31	18	21	16	12	34	3	40
33	44	36	21	45	10	46	20	4	35	5	43	28	3	32	9	40	44	21	28	18	6	32	25	1	49	40	27	16	17	4	40	38	40	10	33	37	16	36	44	23	27	32	38	9	23	39	32	38	37	45	46	28	35	6	24	8	17	25	4	17	19	22	39	2	41	2	45	41	8	1	29	39	50	47	45	9	46	24	22
15	21	20	43	7	24	33	28	47	47	10	40	14	42	34	42	29	39	9	36	5	7	28	3	33	43	25	20	18	22	39	21	40	25	10	35	2	40	27	33	28	39	39	5	18	26	50	7	2	19	11	10	27	36	19	46	19	39	37	36	46	27	40	43	30	46	3	7	32	26	5	24	12	22	37	49	33	42	16	7
19	14	22	19	33	48	5	48	37	16	43	7	10	29	35	22	30	45	40	5	19	49	2	49	6	32	14	34	11	32	12	16	17	39	36	26	28	3	6	28	37	28	34	35	46	11	40	15	16	48	12	30	44	2	12	27	44	37	40	27	21	5	17	4	16	33	7	31	24	25	43	36	28	29	48	43	36	9	17	25
33	25	22	11	8	35	46	47	8	29	31	4	20	41	43	17	19	33	20	40	31	12	48	6	34	10	30	27	38	19	11	14	12	24	13	25	42	13	21	13	27	34	31	47	18	40	25	45	27	19	29	41	50	11	45	26	45	31	11	41	7	35	20	11	30	27	39	45	45	37	8	23	21	40	28	11	9	10	34	37
48	36	5	50	8	17	37	14	4	15	4	42	19	13	12	36	25	10	47	1	26	28	32	35	15	24	20	24	8	38	33	39	19	43	31	12	20	48	13	10	17	4	6	44	47	26	6	3	20	27	22	22	29	38	36	29	39	7	25	49	46	36	34	31	43	18	42	49	12	5	34	22	17	5	33	41	11	31	48	10
21	20	39	41	41	19	15	46	21	15	45	11	14	22	3	4	23	12	19	10	46	4	23	41	15	25	23	28	27	11	6	47	9	22	15	27	12	38	13	46	7	21	20	24	8	28	11	39	13	30	29	8	26	25	50	14	17	14	22	4	1	21	45	47	31	17	28	38	32	8	46	2	6	22	15	40	42	11	18	4
44	35	28	4	2	33	44	5	36	34	14	48	28	39	31	23	47	31	42	25	26	48	22	16	15	31	41	17	22	34	16	15	44	35	41	11	44	45	17	27	44	18	1	6	50	26	18	9	9	33	7	14	50	46	17	43	25	35	31	22	5	12	42	29	19	10	9	19	7	31	7	31	40	46	13	8	16	22	23	12
3	26	5	40	43	7	16	10	22	42	11	27	3	46	30	8	3	26	49	7	3	4	50	8	6	28	26	28	41	40	24	11	32	3	23	25	30	14	9	14	41	50	48	35	15	5	1	15	7	27	16	49	41	8	42	21	49	35	22	35	10	6	28	36	15	9	47	21	24	7	26	24	7	45	24	47	42	17	19	38
26	2	48	20	30	24	11	12	43	22	27	2	18	16	39	43	16	29	18	17	16	18	33	8	30	12	23	32	45	48	46	16	45	43	12	28	13	44	36	11	1	44	27	48	33	14	42	33	13	39	24	27	11	28	40	13	2	23	4	22	5	31	4	14	44	15	38	49	9	14	8	23	35	11	46	6	33	31	25	49
48	14	1	40	3	41	34	32	14	27	18	4	16	43	41	41	14	16	20	44	15	18	33	18	29	10	23	19	46	15	45	42	9	38	15	36	5	32	18	5	30	45	23	37	36	3	5	30	33	28	17	37	23	25	5	30	47	12	4	8	27	29	46	11	28	7	29	32	2	19	36	22	21	49	17	20	41	16	38	49
29	22	13	32	44	38	27	44	34	28	32	17	47	10	42	20	7	47	35	18	35	8	24	41	13	41	11	4	18	2	12	34	19	32	27	21	43	46	24	49	23	32	40	4	28	36	2	4	41	3	27	15	16	34	22	32	10	27	18	45	42	24	19	49	26	35	21	25	23	25	48	7	50	5	12	20	30	25	15	36
5	1	45	1	32	35	26	38	35	44	38	20	46	44	36	43	15	16	7	36	41	32	37	9	4	26	42	6	42	31	19	16	33	8	34	34	44	1	9	41	2	24	45	6	29	35	5	35	34	4	15	37	4	38	45	1	44	19	30	45	21	11	5	3	19	29	23	23	34	49	40	6	25	29	26	20	14	2	27	50
47	36	21	12	39	19	7	22	47	10	11	7	15	20	41	22	36	21	29	11	48	22	9	3	20	8	45	28	39	10	4	1	28	39	17	25	22	8	3	17	26	50	22	30	8	23	34	3	10	42	5	15	1	50	9	39	45	8	4	41	4	46	46	48	10	38	38	21	2	40	37	6	4	35	17	4	15	25	42	48
15	4	35	35	17	2	22	35	24	49	6	20	46	39	30	42	10	5	47	34	41	16	40	29	16	41	45	49	35	43	50	34	38	30	23	2	14	36	21	21	43	35	49	15	13	32	38	4	17	22	26	21	17	14	20	16	18	23	40	45	17	1	20	41	15	38	21	49	47	47	10	28	7	38	19	31	50	26	18	22
6	14	6	9	22	7	24	7	2	29	2	33	44	23	4	50	8	43	10	5	3	18	24	24	21	11	49	50	15	16	41	35	26	21	44	15	43	17	23	47	28	16	10	11	15	48	3	16	18	42	25	18	39	38	13	18	32	25	14	26	46	17	13	3	7	13	40	9	44	42	20	18	44	20	36	12	7	6	30	9
46	27	40	46	11	10	16	40	43	19	38	35	30	49	4	48	48	46	38	43	12	27	23	23	32	37	40	36	4	32	22	36	27	48	25	33	16	10	39	46	33	46	18	8	27	27	39	37	40	44	18	28	27	39	18	20	12	49	43	12	29	43	4	17	49	22	14	21	18	26	23	22	42	20	42	36	47	9	33	12
46	47	50	15	24	31	48	30	7	13	12	39	34	35	24	9	29	18	5	3	27	45	37	36	49	42	34	23	29	7	16	37	24	12	27	30	10	29	26	49	45	2	45	22	12	12	24	45	2	32	11	44	29	20	32	35	12	26	11	44	44	29	48	28	20	38	25	12	3	25	32	25	22	49	44	9	26	23	19	38
48	12	31	46	20	18	39	42	37	49	27	3	9	32	30	43	46	40	36	22	18	18	3	47	35	18	30	23	37	12	32	26	24	16	43	44	46	37	26	30	45	30	44	37	32	20	19	17	33	37	33	19	9	24	39	27	25	37	8	15	39	38	2	35	37	28	48	42	6	15	40	44	5	15	28	34	3	22	43	28
42	47	4	3	47	19	28	36	31	7	48	40	16	12	5	23	34	25	29	23	20	11	19	21	40	49	34	2	23	22	23	37	40	40	8	32	4	6	41	4	10	39	11	35	31	8	28	22	13	18	37	5	13	45	20	5	15	10	20	18	31	47	30	18	49	21	11	35	44	29	33	48	47	41	11	9	44	39	15	25
41	35	13	48	27	30	34	22	39	32	16	36	24	29	1	43	23	20	11	32	15	32	48	24	36	5	13	33	7	10	31	16	11	14	23	35	10	38	10	11	43	45	43	21	2	14	44	30	46	42	29	48	25	20	35	27	43	20	18	4	48	22	37	45	40	46	26	43	47	18	50	7	10	27	8	18	31	26	46	47
21	2	38	24	46	36	32	35	49	31	2	5	15	26	8	31	31	27	24	50	18	16	49	17	1	39	6	29	8	25	1	46	30	43	44	45	8	22	47	27	6	46	23	41	11	12	48	7	35	18	27	33	38	29	15	42	28	33	26	10	22	30	34	12	27	35	8	42	31	27	37	33	9	43	47	24	8	31	25	9
8	45	15	9	5	16	39	32	12	48	25	50	4	2	42	30	38	25	28	11	45	26	32	13	42	28	43	19	21	18	1	3	6	2	35	35	45	6	46	16	44	31	47	22	21	15	27	5	5	36	33	41	20	30	21	27	4	15	42	41	35	22	48	46	2	33	24	27	21	15	47	7	12	46	43	14	26	25	16	47
27	20	38	16	35	37	7	15	38	18	13	24	49	48	4	31	13	17	34	42	36	32	45	15	17	33	19	2	50	6	13	23	46	14	4	36	47	34	35	11	22	14	1	18	48	20	40	28	2	21	6	35	35	41	10	4	31	38	32	20	25	14	45	48	29	16	18	29	2	29	34	34	49	44	39	18	38	14	17	21
20	19	16	50	39	24	33	17	13	14	11	34	13	34	33	31	43	21	3	4	27	36	28	50	34	35	14	19	12	33	19	30	38	32	25	37	25	47	16	18	2	36	9	14	35	6	5	17	5	29	23	15	21	16	1	23	41	13	50	39	44	27	21	24	30	45	32	11	13	26	34	22	27	33	3	10	22	9	44	47
33	30	20	25	10	22	11	12	17	38	9	17	10	26	34	24	26	5	17	50	42	50	35	28	37	30	18	23	11	4	2	20	14	43	43	48	9	16	41	20	19	24	42	43	32	33	17	44	47	41	12	34	20	24	45	6	3	29	42	17	15	13	49	26	46	45	36	13	7	25	4	2	4	9	4	32	7	16	22	5
25	33	37	4	45	21	23	29	38	42	20	17	43	33	27	27	29	31	39	23	31	9	12	16	19	16	38	33	41	35	7	29	33	12	40	19	28	14	12	29	11	23	18	39	45	27	23	40	27	26	42	31	34	47	10	13	20	50	21	39	8	46	22	23	9	8	25	32	20	41	26	29	34	35	31	30	38	15	31	29
26	18	49	11	46	19	28	29	43	45	10	7	30	37	42	34	49	33	35	18	30	16	11	32	20	44	10	19	49	27	29	36	23	47	15	13	28	21	16	14	48	29	29	31	11	41	43	31	34	40	35	13	37	36	11	27	12	25	1	7	35	26	10	24	18	39	4	1	9	1	45	10	38	41	36	7	4	25	8	40
9	40	36	38	42	7	30	15	37	16	12	9	2	40	23	10	29	20	11	19	25	12	46	12	9	5	48	30	40	43	37	31	38	9	18	2	43	42	4	49	8	29	5	7	7	36	41	37	8	35	34	35	35	14	5	23	26	42	16	15	33	50	19	11	24	32	4	49	20	14	47	17	5	20	19	8	13	4	2	33
20	3	9	2	8	3	2	5	10	24	17	10	7	23	7	29	29	39	12	23	39	47	38	46	49	12	27	13	18	12	30	6	6	45	5	6	3	48	32	13	49	17	36	48	44	27	27	17	2	37	37	29	22	38	27	42	49	24	38	4	23	35	22	25	40	27	13	26	25	12	49	36	15	36	1	22	47	32	7	17
42	36	1	17	16	10	33	6	15	23	20	39	28	37	23	35	12	20	24	30	10	16	19	19	23	28	31	12	49	50	26	12	8	28	6	24	37	49	39	25	27	12	16	35	34	41	7	24	44	46	26	43	23	35	24	30	6	38	23	2	9	30	37	22	39	17	35	23	40	27	1	48	2	4	2	41	32	19	10	15
10	29	2	12	25	45	26	49	9	34	8	1	20	39	43	22	23	8	39	37	12	31	7	46	21	39	40	29	30	15	14	2	26	7	40	17	5	15	45	22	15	30	3	19	15	35	26	2	14	44	24	40	10	46	33	19	47	38	34	22	29	22	11	34	26	2	35	29	37	21	5	3	40	6	37	7	16	5	36	30
13	8	9	22	41	29	41	7	24	38	6	45	1	12	24	10	32	6	29	26	33	7	46	7	35	37	17	11	48	21	36	17	10	10	28	31	23	41	5	21	43	28	23	28	8	8	31	30	48	31	5	8	31	10	9	48	25	47	1	25	32	47	41	30	44	24	47	31	30	35	35	39	31	38	27	20	29	26	42	15
41	5	30	19	28	16	7	20	21	22	3	16	22	8	11	42	27	17	7	3	42	5	25	6	29	6	22	23	27	46	42	48	25	28	31	19	33	16	39	7	19	17	28	36	33	11	9	34	35	13	47	15	3	47	19	3	13	40	15	29	40	16	7	6	5	24	38	2	26	40	11	11	21	9	35	40	13	11	41	4
45	33	23	16	5	41	5	18	42	36	25	8	39	8	30	36	4	41	15	45	4	29	39	12	6	35	47	33	24	37	13	10	32	42	15	27	5	21	21	45	47	27	44	46	43	41	11	28	4	16	34	21	9	29	41	48	12	16	38	22	1	39	24	40	3	34	33	26	47	42	23	3	3	32	33	16	45	25	19	32
40	45	46	40	25	49	40	47	2	48	9	24	24	28	32	30	14	21	9	5	3	18	8	22	30	4	38	48	13	44	39	2	29	29	40	28	44	10	45	14	13	12	39	30	2	9	23	10	23	43	13	47	24	29	44	8	30	42	35	26	4	7	20	11	28	28	12	28	42	24	38	37	26	25	24	17	11	19	10	43
13	47	42	38	40	7	34	3	50	47	45	23	48	44	35	50	12	41	44	18	1	24	23	26	18	42	13	46	26	20	25	46	30	40	4	16	7	9	20	25	9	38	11	45	12	35	33	42	47	43	8	45	42	18	31	9	40	7	12	15	35	7	34	38	35	19	33	20	20	45	33	37	3	1	9	20	18	20	44	43
25	22	27	32	8	27	22	32	45	15	6	6	38	46	19	20	43	27	44	49	32	12	26	29	18	8	42	39	24	9	31	34	45	10	46	31	37	23	45	16	23	31	24	12	38	19	50	23	8	46	44	41	12	11	5	48	31	37	26	6	36	7	13	41	22	27	12	16	10	47	21	5	45	19	39	19	44	17	18	16
10	48	30	26	2	3	4	45	38	19	22	46	25	44	46	37	35	6	35	8	29	36	7	10	21	12	42	9	32	7	15	31	37	4	24	27	30	28	20	13	25	31	29	18	41	8	9	13	45	37	38	5	41	3	36	11	32	11	42	48	19	41	23	35	3	13	46	12	33	46	48	38	32	21	50	29	25	23	6	2
47	12	10	21	3	4	36	3	36	5	3	8	19	17	29	30	20	2	7	39	6	37	47	38	18	6	38	37	37	34	28	26	28	6	3	20	20	26	24	13	32	21	24	50	9	45	29	6	33	14	25	47	34	34	3	22	26	16	39	34	32	44	20	35	35	19	21	16	9	19	3	27	12	33	15	36	40	14	21	37
10	5	45	38	27	24	33	49	48	37	42	22	33	42	44	41	40	22	18	40	41	32	15	11	25	44	32	29	33	25	14	49	34	38	7	24	3	32	36	25	2	6	1	37	4	47	29	35	25	12	5	45	39	20	5	47	44	13	15	42	49	26	27	33	43	20	29	45	13	34	26	37	27	40	35	21	6	42	49	26
37	27	6	42	28	38	4	5	22	10	7	22	30	25	34	20	32	43	6	14	9	46	40	49	37	41	33	40	21	34	32	10	5	36	18	33	46	3	47	20	34	32	28	47	11	2	30	39	31	34	46	13	28	14	44	45	3	8	38	40	41	31	4	33	24	11	24	39	49	14	16	25	19	21	26	6	2	2	48	21
6	13	23	30	16	6	4	28	32	36	2	44	14	3	40	14	28	23	41	47	21	39	17	37	27	24	48	3	6	5	48	41	14	39	3	28	27	25	42	24	8	47	33	11	17	37	34	21	35	34	18	3	18	15	42	22	33	9	5	19	7	31	15	36	27	30	5	8	36	1	44	21	15	38	50	14	29	4	25	23
41	30	45	27	1	12	35	38	29	43	9	47	11	38	5	46	46	25	7	30	20	32	45	33	7	20	31	7	30	9	34	34	48	22	49	19	18	34	39	49	40	38	11	16	13	30	6	20	9	46	31	29	18	30	10	14	31	41	26	27	26	10	10	37	33	47	39	28	22	29	16	5	15	7	28	25	28	36	12	5
42	46	23	44	11	48	36	33	29	11	3	35	35	30	43	7	21	48	32	32	22	39	50	38	17	44	13	27	1	35	6	35	20	31	9	37	13	29	11	48	42	1	43	20	17	23	47	34	22	33	23	36	11	3	40	7	35	33	20	29	26	41	9	20	38	19	35	11	21	29	24	3	18	27	26	38	24	48	15	4
19	46	42	3	3	40	26	4	33	26	31	4	15	48	9	45	17	11	33	23	19	11	3	14	34	29	1	15	45	47	15	29	4	41	48	5	47	6	17	46	37	34	24	14	14	26	43	30	33	48	17	34	10	5	11	25	7	28	18	30	36	8	28	22	24	7	23	42	15	20	25	17	18	32	4	22	30	6	28	46
19	12	45	15	36	26	28	1	39	37	15	5	8	26	16	18	29	23	29	45	34	24	16	49	13	33	3	30	5	45	22	27	17	6	26	6	44	17	25	3	37	33	17	13	7	26	41	16	44	9	44	36	38	47	8	30	35	38	20	15	5	31	37	48	46	2	15	45	42	48	18	31	41	21	8	33	19	26	40	10
